13 -25 12 -20 1 -7 -14 14 13 -16 -7 -5 20 6 9 23 2 5 -24 -23 -7 12 4 7 10 9 -8 -5 18
24 -5 -3 -2 -17 -24 23 -22 -7 20 -7 -18 2 -22 -4 -15 -10 -12 23 -20 -9 15 23 -1 12 20 20 3 -2
6 25 -9 -10 24 -8 -6 12 -14 -4 -6 11 -6 10 -16 -13 17 -19 19 14 -24 -14 -17 -14 -1 11 25 22 -11
25 -7 -3 -17 15 -25 0 -20 3 -18 -7 -4 -5 -15 15 -14 -24 5 3 -7 -22 -6 -2 -22 18 -10 10 -11 -4
-1 22 -24 24 1 -13 5 -1 21 -3 -14 23 16 -22 22 14 -22 -23 -20 7 -23 4 24 21 2 -1 -13 10 -22
-6 -6 -1 -8 15 6 -19 -15 -4 -21 -5 12 22 -21 -13 25 20 -16 10 21 -23 -1 1 10 22 -16 -20 2 -5
-2 12 12 8 16 -1 -6 -7 18 -8 -24 6 12 9 19 -21 -5 -22 2 -13 23 18 6 6 -13 18 15 6 2
-25 -9 -6 18 -19 -24 -6 -15 17 22 8 6 -13 15 -5 -5 -18 9 -24 6 -22 -17 -23 21 7 -4 4 -1 -8
-3 -11 -13 9 -13 14 9 3 -12 5 23 -1 -21 19 17 -5 -22 2 -3 6 -4 18 8 -19 7 4 -11 -17 22
19 24 -4 3 -3 -24 8 -7 -9 -17 -1 6 -4 18 19 -25 7 -5 18 2 11 -15 -2 10 -20 24 -11 23 -23
-1 -12 1 -14 0 -7 -24 -19 -5 4 2 -16 -13 -23 17 1 22 10 -1 8 3 -7 -16 3 7 7 2 5 -23
12 5 -17 -12 -16 -7 -6 22 23 -5 -21 16 -19 -3 3 -1 4 -6 -23 -24 -10 22 9 21 8 13 -10 -20 -2
-13 -10 -13 -14 3 0 -6 -8 -8 -18 12 -22 18 10 -9 -12 -22 22 24 10 13 18 17 1 17 -3 -19 5 1
-17 -13 10 -11 13 -10 -18 -12 16 -14 17 -6 -19 -5 3 24 8 20 13 22 11 -16 -22 -3 -16 -21 16 -17 -20
-15 19 -3 5 -3 -3 -2 -12 16 -25 4 4 -5 -4 -24 -15 3 -5 -21 -8 17 3 4 9 -16 17 10 -5 17
-7 -14 -22 -22 -20 6 7 -12 -22 15 4 7 -19 12 -25 9 0 0 -7 -23 10 19 1 -1 -24 18 22 6 9
-5 -25 19 9 6 0 7 19 -19 -13 -3 -21 -21 1 -6 10 1 11 20 -1 -21 -19 -12 -7 21 11 4 -6 -5
-20 -24 24 19 23 -9 -6 -14 14 11 -21 -19 -19 3 19 12 25 23 11 -18 -18 -4 12 25 -7 -9 -22 3 21
25 -21 -18 -3 21 -4 -3 5 14 19 -25 -5 20 15 17 -6 18 21 17 9 -10 -18 -23 -8 1 22 -14 -10 -20
-7 7 12 -1 -5 -6 -23 -20 -15 4 -3 -6 7 7 -7 -14 -6 -1 -24 13 1 -24 -1 -10 23 17 23 11 -1
3 7 -21 -19 -17 5 17 16 -5 -20 16 6 -18 0 -19 0 15 -9 -15 2 -23 -18 5 20 3 -6 -8 -1 -19
9 19 -13 -13 9 19 17 -6 4 10 -10 15 -15 -17 11 -14 -16 -17 -3 -7 -9 -4 7 6 15 -17 -14 17 -9
24 18 -23 1 -6 -1 -25 -21 -9 18 -12 16 12 -2 6 -12 12 -23 -15 25 19 6 12 -11 21 21 -16 22 -16
14 -1 9 -12 2 10 20 17 -4 13 -22 23 -13 9 13 -6 21 21 -10 2 -6 -7 -6 25 -7 16 1 14 -22
-15 -17 5 -3 -18 20 -16 23 -19 -12 3 -2 7 -10 -14 -6 17 5 16 -24 -14 -2 -22 22 6 12 -1 10 -16
-1 -14 -5 -18 -17 -11 8 4 2 14 -4 9 6 9 17 9 -1 -6 -15 20 -6 -16 23 25 -15 -16 25 -10 -5
-12 -14 -16 -13 3 -9 13 13 6 20 -24 11 -2 16 -1 9 25 17 12 15 15 -20 20 9 -6 14 6 19 21
25 8 -10 -18 17 2 -18 18 -14 -5 16 -2 13 12 -17 12 -11 11 -5 -5 -1 3 -7 -20 24 19 -18 -9 -25
21 15 -18 22 0 2 -21 -23 -24 -7 14 17 1 -1 21 -5 -16 -16 -14 -16 -12 22 -13 25 22 20 -5 -12 -5
1 21 16 -22 20 -3 -3 0 -1 -1 -10 22 21 9 -21 5 25 10 -18 -12 22 -17 -2 -20 24 -17 24 10 -15
17 -19 15 23 -24 -19 16 -1 11 9 -8 -21 9 9 -1 -17 -21 10 20 17 -13 14 -24 -17 2 11 -19 19 -7
2 5 -2 8 -17 21 -15 16 -23 10 -14 22 0 13 21 -20 -19 10 6 17 21 -18 -19 -17 16 -11 23 23 12
0 7 -3 -18 -2 8 19 -23 4 16 17 10 -9 22 -11 0 8 8 1 -11 21 -3 13 -15 6 -18 5 10 -14
10 3 1 4 8 -5 -14 -5 21 -14 12 -21 24 21 17 9 10 19 -25 -22 10 5 -25 16 -15 -3 -24 7 -19
-2 -17 -17 12 25 17 -8 -4 13 7 23 -4 19 -2 -7 2 -21 18 -22 -21 -6 23 19 -12 17 15 5 17 23
11 10 23 22 7 0 0 -10 -10 9 14 -10 16 20 12 -15 -8 14 5 -2 -11 -19 18 9 -9 19 -13 -2 -13
-3 -21 -22 -11 -20 -17 -24 -20 20 -15 19 3 20 -2 14 22 -23 15 -19 -6 -24 -24 14 23 11 -7 -3 -1 -14
-17 -9 22 21 -24 -20 2 -24 18 -23 21 -21 -22 -17 -17 4 -11 25 -25 7 12 13 4 1 -20 7 4 15 -25
20 13 17 11 11 -24 -10 -4 0 12 -11 23 24 -6 7 -5 19 -8 -11 4 17 20 24 13 -9 -1 -17 12 -5
24 18 19 -20 17 8 -9 3 2 23 -24 -18 -18 25 -11 -13 3 -3 21 18 -17 0 12 5 -6 11 -5 -20 10
-14 11 -17 -6 1 19 16 20 -10 4 -11 19 21 7 6 -2 11 18 15 -13 -2 -14 -16 2 -24 23 1 19 14
-10 -11 4 24 -15 -24 16 13 14 13 13 -8 -17 12 6 -22 -10 23 -22 10 16 12 -22 -12 6 16 0 -10 24
19 20 -13 -9 11 -20 -19 -7 17 3 14 -5 0 9 -15 -2 -1 0 -11 -21 -23 -12 -6 -5 18 12 -12 -23 23
-7 -22 -18 -18 -23 -10 -3 15 1 -16 13 -9 -23 13 -12 -16 -15 14 4 21 -23 7 -17 -13 19 25 19 -1 16
22 15 17 1 -13 13 14 -8 -12 -15 -6 18 -8 20 -21 -2 -2 19 13 -20 7 8 -18 -3 -8 -5 12 -5 11
-2 -9 5 -16 8 16 -20 20 0 3 -20 5 23 20 -7 10 20 24 -16 16 11 16 10 13 6 6 -14 -6 -2
23 3 24 -17 -9 -13 22 1 12 -14 -9 7 -16 -18 25 -24 6 19 -12 -5 13 -17 3 -2 -1 -14 14 -23 -24
19 18 -22 -24 -8 -4 11 -10 -2 -19 10 6 -16 18 10 21 -19 -18 9 3 0 10 12 14 14 5 8 -6 9
-16 9 -1 8 -20 -20 1 -15 -19 -18 20 -24 7 -20 24 -21 21 -16 -21 22 -18 -16 21 17 13 16 -11 13 -25
10 -8 10 -23 -22 2 9 23 -11 -22 -1 -21 20 12 12 -13 -22 -3 20 -11 -7 -8 -17 -18 9 -6 -8 23 1
23 7 -4 -25 -3 -7 -10 21 21 7 19 15 24 -11 -15 -12 14 -23 -23 6 22 -22 13 15 -7 -22 0 22 0
20 19 9 -18 16 -6 15 4 7 -25 19 -16 -7 -23 5 20 -5 8 -23 10 19 22 -6 1 -16 -16 14 -4 2
-3 18 -3 2 24 7 24 -9 -7 8 -14 4 11 23 -2 4 -12 -10 8 20 13 16 18 -23 -20 17 -19 -16 13
4 15 -7 -19 -22 -6 -6 1 -21 14 -2 -13 -1 18 -21 -21 -4 4 -10 -22 -5 6 -17 -10 24 -8 -23 3 8
-17 -6 -6 -7 -13 4 -22 -16 23 4 -9 -20 -21 -4 9 21 20 9 -2 20 24 5 -16 -23 6 -17 -20 -5 19
-17 -24 -8 19 -8 23 17 -5 -19 12 1 6 23 7 19 23 -6 19 0 -1 1 15 -18 7 22 20 0 -24 -15
-16 -16 -16 -12 5 13 3 -24 11 24 24 -17 17 9 -10 13 22 14 14 22 19 3 -23 9 1 0 -14 24 -16
21 20 16 3 16 19 -3 12 6 17 -12 -7 -24 11 25 -11 -21 -2 -12 -13 24 14 -16 20 -12 -15 22 0 -25
22 7 2 1 3 20 23 2 -7 -21 5 11 -3 8 -3 1 -18 10 -11 -4 4 -11 6 0 10 2 23 -17 11
-11 23 -1 -19 -11 -16 24 5 5 15 -9 18 -22 -16 15 -5 -22 18 -12 17 10 -14 12 3 -15 18 22 -18 13
25 -21 -16 -21 -23 -12 1 15 -20 1 15 -24 -15 -3 -21 -5 24 -10 2 -10 -7 4 -3 -20 23 17 -4 21 14
9 24 -8 -12 -21 18 6 11 15 -5 16 23 -12 -23 -1 11 -14 -9 -1 -1 23 11 -15 19 -23 2 3 3 -19
1 0 15 9 -14 9 13 12 25 -19 4 -21 12 -12 8 7 -19 18 -23 19 23 23 -11 -24 13 -4 11 6 -7
12 1 1 8 0 7 24 18 -5 2 -13 -18 -14 -8 -12 23 -22 1 17 2 12 16 -25 -2 10 16 -3 -2 2
11 23 21 0 -4 8 3 -5 -17 -20 20 16 14 23 13 17 -3 -23 -5 4 -16 -18 18 21 -25 10 1 7 22
-3 -5 -7 0 -9 13 23 -12 9 2 2 -17 19 4 14 -23 5 5 -5 -20 -11 2 20 21 3 3 -17 20 -6
3 -24 21 6 12 25 -2 -15 7 6 8 13 5 -18 -20 -10 19 -13 -7 -18 -24 4 0 -19 6 6 8 -19 -5
14 -21 21 -5 25 6 6 -23 18 21 -3 2 -1 19 -9 24 2 17 24 13 19 -13 -2 -5 24 18 9 -13 -1
-18 -23 -9 17 -17 8 20 16 -25 -11 20 20 0 12 -24 0 14 3 -4 20 17 22 21 3 15 3 18 -10 22
5 23 -19 -15 -17 -22 1 -18 4 -20 -5 17 -25 -17 -13 -2 -19 -3 4 11 -21 7 20 -16 -18 -9 -15 -21 9
7 12 -2 -8 0 19 -8 -11 17 21 -5 -13 -3 14 -22 7 15 -9 9 -18 17 11 4 -2 -20 2 7 8 12
21 -2 22 4 2 19 -6 11 -20 13 -23 3 8 11 -9 22 -14 21 23 3 -21 2 8 13 -2 -3 -16 20 24
-8 22 -18 -21 -20 -2 17 -1 10 17 10 5 -1 9 -21 17 -15 5 0 -14 -23 21 -12 12 21 -25 13 -6 -21
-2 -23 -7 -2 24 2 -18 3 0 7 -5 3 -16 -6 0 4 -5 13 -5 -11 18 -4 20 16 8 -15 0 -21 -5
-3 -2 6 -4 -6 -17 -11 -3 16 -17 -20 2 14 -25 19 -8 13 13 6 -9 -6 8 10 -20 13 18 8 19 -13
3 15 25 1 22 -20 2 -22 22 21 24 17 22 -1 12 0 7 16 2 -20 20 -2 0 10 11 7 -1 -23 -16
-17 19 -13 6 10 -20 -21 20 22 -1 5 23 24 -7 7 23 2 20 -17 -16 -2 6 13 16 4 11 8 -8 -11
12 -17 -15 25 -3 13 19 -3 -20 -6 20 21 9 -18 -17 -15 2 -20 17 -17 -23 -9 -4 -8 16 -2 -14 -15 -9
17 -7 -1 4 0 -22 15 1 -3 -6 -18 24 10 10 10 23 -16 -21 19 20 16 -13 13 7 -14 13 0 -15 3
-16 1 -2 -22 -21 24 -14 -4 -25 -1 -13 8 24 21 -5 -12 -8 -20 9 11 7 -3 -20 23 -11 6 -18 -3 22
18 -21 -15 -17 -9 16 -4 5 10 -7 -22 14 3 3 -10 -12 -16 20 4 21 17 -2 -23 0 11 1 18 -14 -1
6 1 -5 7 -15 -7 4 8 -21 -2 15 8 16 11 -1 -15 -8 22 -20 12 -23 2 7 -13 24 9 -3 -3 10
-21 19 -7 11 -22 19 -8 5 -13 -10 -11 21 -22 16 -14 11 11 -6 22 7 -23 -21 2 -2 -21 18 -18 -5 10
9 2 -17 12 0 13 -13 -24 12 -10 17 21 -25 9 11 -19 3 12 20 -7 5 16 15 16 -24 -14 14 20 -20
16 16 4 -15 1 -21 25 -22 -9 -10 12 -11 -4 -9 -20 -18 -17 -16 14 -13 -6 -9 1 -25 5 -4 8 6 4
14 -24 -5 -11 -7 -20 23 -5 -1 -23 3 9 -9 -2 -11 -20 -15 -17 -21 10 16 -24 -24 6 22 9 0 -6 1
11 10 -13 -10 -21 -24 -11 17 -17 7 -17 0 -19 -9 -22 19 -24 10 3 -23 -18 -12 22 17 -1 -1 15 -5 12
1 -12 -25 -3 21 -6 10 -4 -18 -14 14 -12 -3 20 -16 0 1 -24 -20 -9 -9 -23 -23 -20 20 -1 3 23 2
-16 -15 10 -18 -1 20 21 -21 -20 7 -20 8 -24 9 -19 10 7 20 3 -14 21 -18 5 -17 -21 22 -21 -18 17
-21 -24 23 -22 13 -10 10 17 -1 -11 13 -17 1 -15 -22 -1 25 23 21 17 -19 25 15 11 5 -14 -3 -3 19
22 -1 -20 -24 -20 -13 8 17 3 17 16 2 17 8 6 -18 6 -2 -3 24 -24 -18 -15 -21 -10 -14 18 11 2
1 11 1 -24 10 -9 19 -11 -19 15 -19 -19 24 -15 9 18 20 -25 -18 25 -5 6 -1 -8 19 9 14 20 17
-21 14 11 -22 15 -7 3 18 3 6 15 -20 13 10 20 -20 -5 -13 7 -8 10 13 19 -20 18 -9 -17 10 -19
-18 12 13 -17 2 -15 3 14 -20 15 -10 16 -20 14 -17 20 -9 4 22 -21 -13 -10 8 -13 -20 3 -24 -20 22
-6 15 -2 10 -14 12 20 -2 -14 -4 -25 15 -9 -17 -14 -19 6 -24 3 -12 -1 0 7 4 -15 15 -17 17 24
11 18 12 22 -2 4 2 17 -14 -16 -24 -7 15 17 -2 -23 -11 -5 -15 4 6 15 5 -14 -16 13 -7 -9 7
21 7 -7 9 -9 -1 -6 9 20 18 -18 10 0 -8 5 13 21 -10 16 19 -23 -21 -2 11 -1 3 -12 21 16
21 -6 3 -5 -22 24 22 -9 0 -17 -8 20 6 -18 22 20 19 22 4 22 2 -10 12 -9 17 22 -25 9 -21
20 -24 16 21 -7 15 -21 24 -13 7 8 9 -11 -5 23 21 4 -16 -19 2 -20 4 4 -14 -12 -18 -7 -20 -18
1 20 -23 -2 2 -19 -5 18 3 -25 13 14 -5 -3 -21 -23 24 15 2 2 15 20 3 -10 20 -13 -21 11 -4
24 -14 -15 7 -11 5 7 11 -7 8 12 4 2 15 15 12 -13 14 -13 2 21 16 -18 18 -11 9 -17 16 -2
-11 3 -3 -8 9 -12 11 13 -10 -14 -16 -21 10 -14 -16 -17 2 -14 16 4 0 -20 -8 1 19 -16 9 1 1
14 -21 -3 -16 -5 -3 -19 -14 -14 -20 4 -17 6 19 -21 -11 -25 21 8 -24 -23 2 13 -10 23 12 -19 -20 -11
-6 -23 -24 -3 -13 2 16 19 -1 -15 -6 6 -9 -22 -11 4 -7 11 21 -10 22 -11 7 -25 19 -16 -9 -1 13
3 -19 2 19 -21 3 0 -13 1 -6 -24 25 19 -16 24 -9 15 22 11 14 19 -19 -10 6 7 -10 3 2 17
18 17 18 24 -18 -5 17 -22 23 15 11 6 -19 1 14 12 -6 -22 20 12 -15 -15 8 18 -11 13 -14 10 22
-19 -6 -20 18 -21 19 9 16 22 12 -23 18 -2 -4 -10 19 16 6 -5 0 12 20 15 -5 7 5 16 -8 21
22 18 -18 -14 -24 -3 -19 2 4 9 -21 4 17 14 16 23 12 15 14 -14 -11 -23 -23 11 17 5 6 -10 5
-3 15 -24 11 -15 0 5 -25 24 11 7 13 16 14 19 -6 -21 13 -17 -24 14 6 23 24 24 4 16 3 16
-21 -17 6 12 22 23 -22 -19 -3 -24 -24 9 -6 -14 7 11 19 17 -24 12 -7 1 -13 17 -6 23 11 9 -3
5 2 -6 -9 22 11 2 -3 1 -15 -11 -9 -1 -20 15 22 12 12 2 8 -10 -16 13 18 -14 14 -15 -20 -18
24 -18 -13 -4 9 -14 -13 10 -21 -18 -7 6 19 9 0 -6 8 -18 5 -24 -9 -17 12 1 -6 10 23 -12 4
-17 -3 25 -13 -13 5 -3 23 -4 19 16 11 -5 10 14 4 22 8 4 15 14 -17 -11 -5 21 -3 -8 -24 11
12 -5 -7 23 11 19 21 -13 -23 -1 -5 -10 0 14 -14 25 -9 18 -11 -7 9 -14 12 -20 -6 3 5 3 19
-24 3 5 -4 25 -12 5 -20 4 6 16 10 -16 2 8 -15 8 -25 23 8 11 -19 -20 21 -24 21 -24 -18 -6
-15 2 17 23 6 -7 4 -22 18 20 -9 -18 -8 1 6 -25 -12 -11 17 9 -6 -21 1 8 11 -12 22 21 23
13 -15 -12 -14 -3 -12 17 -8 7 -14 18 -18 -10 -20 -8 4 12 15 -25 9 1 -12 15 -21 22 12 3 18 9
-8 12 8 22 9 17 -23 2 11 10 -18 10 -11 -20 17 -23 0 -16 -19 -5 -22 -25 15 12 22 6 11 -16 -11
13 -7 16 -23 -4 3 17 -12 -6 17 -16 4 3 -18 -8 11 24 -1 16 5 -12 -1 23 -22 -10 3 19 12 3
21 12 11 7 16 -22 -11 -3 22 -15 12 13 -18 -22 -19 -2 20 13 -20 11 6 16 -5 -16 24 -8 13 8 -24
-18 -12 -1 21 21 -7 -5 2 -7 4 0 16 21 3 19 -6 -23 21 9 11 24 -17 -13 -5 10 18 -11 -9 6
14 -10 16 7 17 -2 23 -10 -4 -15 -12 -22 24 9 19 -17 11 -18 -23 -8 1 -13 3 14 17 -22 21 -16 19
-20 6 5 -10 20 -22 -14 -16 -17 18 -23 13 16 -19 25 22 -13 1 -9 -15 5 -22 -14 -5 -21 -2 5 21 -17
14 23 -22 -16 -15 -11 16 8 -21 7 13 6 22 11 -21 -20 24 22 7 -18 -10 -18 15 12 17 -8 15 -7 -18
24 13 -4 17 -19 13 -9 14 -5 11 -10 20 16 21 9 21 -19 7 19 -24 -3 10 -15 -7 18 18 -10 19 4
-23 -23 25 1 -1 16 -9 -23 21 -3 -7 19 18 -7 -10 -19 -5 24 -2 6 -8 19 -12 7 3 -25 -5 -17 20
17 -7 -23 4 -1 -11 -7 -8 -7 -11 13 -17 2 20 7 -15 8 -6 22 -18 22 7 19 4 -23 8 23 -5 25
-11 -7 11 21 -19 19 -21 3 12 5 5 -9 24 -10 -11 0 11 17 0 15 13 20 -18 -3 9 2 12 20 -22
18 -2 9 17 -8 -20 21 15 -8 -2 -3 -20 19 -18 -3 19 13 -13 5 -15 5 -14 -19 -9 22 -3 -18 -3 5
2 -19 -14 4 12 20 -12 -25 -20 -21 17 -23 19 -16 15 0 4 -11 24 13 18 -11 -24 -21 1 19 -14 14 -15
-9 -19 0 22 -21 24 16 -14 -20 11 23 -20 13 -16 1 -1 18 -20 -17 10 -15 -3 -11 10 -11 -21 17 -21 -23
15 -17 -10 24 10 -15 -7 -19 -6 -25 4 10 -16 -16 22 -25 0 25 11 21 12 9 -15 14 5 -8 3 20 6
9 -20 -2 -9 2 24 -11 -11 17 -1 2 9 -18 1 -19 9 19 -16 -5 -5 -11 7 13 14 -19 -13 -19 8 9
24 23 -13 7 18 6 -24 15 -13 -19 0 25 15 -9 12 21 0 20 -11 -23 -10 13 9 20 -11 -8 -2 -4 -24
-9 22 23 -12 6 -22 16 24 -7 -19 3 -18 10 16 -17 22 -16 22 5 -8 -9 6 17 -4 14 -3 -8 -20 -1
-20 24 -1 17 -20 12 -5 -15 2 -8 -1 17 24 -18 -10 -13 -12 14 -17 -17 15 7 0 13 12 18 4 4 5
-15 250