62879
58756
137097
109403
81829
64930
19412
68220
9222
88606
134002
110840
35899
194643
135665
24676
105656
42020
173941
29723
25031
83855
80117
90034
170829
68643
149528
191049
18117
78332
41422
110452
106142
198351
167088
86472
164965
10996
71544
99124
86415
127395
41058
45018
63101
109823
129346
82096
104300
163168
20156
188142
18997
74822
68787
81926
96820
155469
67973
83923
49287
55713
187378
161408
96899
5342
103291
30363
4067
2209
95774
84253
196616
187412
90032
15017
173016
124879
168455
77129
148408
178188
41313
164389
107428
129017
130555
81284
124219
6901
102980
146296
154710
5184
89299
170945
8266
26373
185979
112527
72697
95170
196035
132850
155034
114703
58600
60851
17744
149735
78279
189015
28706
95844
129390
60547
107368
20450
799
173115
10644
197778
68213
119319
35955
1279
61796
163908
90079
125079
111773
56992
36351
67424
192326
90367
128397
133786
180357
127184
69423
66528
133922
129536
187975
101728
167336
196060
42510
122008
50885
35317
100374
31161
192747
155758
172930
118496
149029
106123
34753
198822
55586
84763
108895
86793
26645
5719
12913
93477
199705
145381
84418
139836
172039
198650
48572
159396
44392
70480
51141
197607
162571
128229
193792
73711
72033
159811
149140
62560
177995
133170
5940
39114
40406
52078
199080
187805
133307
64987
146005
743
85260
31098
80629
86394
145945
76581
91222
104541
192
90565
110028
129596
71811
125692
59770
198940
59270
75072
55298
159012
13988
189195
199750
49667
192391
62980
130664
71666
59602
9971
93212
111381
70322
152737
189955
94029
103451
121175
157217
41840
62531
1436
145225
82254
21730
197204
8190
183014
53975
171315
173835
110149
180439
86028
155821
69713
197076
164602
74746
117816
68639
17154
178919
160967
190258
183232
174411
57810
161485
109469
77621
2635
160898
130085
95437
24066
27725
22992
105005
181114
40174
118087
157607
82277
12761
46778
28212
69511
44544
71401
174444
204
93896
42053
136261
47336
50420
142900
21910
167908
163562
57117
185822
55114
91257
67824
7847
153480
3203
197689
77897
160475
94657
169558
58567
9001
137272
75092
167490
51010
22626
184561
12324
4331
159947
39434
168805
182892
98317
180043
95691
179383
72355
48217
53711
37108
140759
120061
160039
171039
175309
122242
168543
69422
10597
5368
179132
25173
117642
99724
187220
105066
152624
18472
110718
104544
69617
163460
106386
78232
36452
105391
66931
56699
129942
85162
5319
112463
109982
183061
157809
65099
42055
151846
11798
160214
177517
13489
199233
97928
172932
118057
6774
183804
66213
116460
39846
21567
96825
133937
179860
82492
44522
13004
186490
113741
43953
148780
191365
139977
123806
153329
130173
195844
137191
152018
177677
99579
40086
183871
183416
59636
104367
1689
21733
80554
18611
87320
169464
157291
70696
5694
57215
53871
127465
156798
161960
12258
196854
178257
180087
76529
47999
60184
96203
117214
19267
182551
161718
2530
179448
67107
92148
70278
98871
103414
7385
13338
128808
24904
97228
163055
91213
83130
173860
93828
128070
36660
99414
24931
193001
105955
165791
5926
144246
42870
30871
5942
152148
138789
186093
40825
195881
142933
40482
154284
134162
4682
173531
63984
113642
77840
99559
29914
134390
16942
121907
81464
42542
173301
132209
147525
49392
55205
48992
56337
153108
168109
22054
150628
5301
172325
190397
93810
159851
169748
50686
7883
197527
42646
150507
163249
149625
57155
101552
162814
140624
85350
46635
36925
54280
42284
79892
198154
919
164785
106280
164306
131784
178544
56223
8868
28029
190641
87150
740
40580
117121
177597
71897
171196
35231
171880
128234
88404
195678
158639
21273
74057
172024
11484
106543
183404
90107
106865
14164
54995
143940
102755
172465
50624
81898
195466
32994
112637
55042
21161
20775
69263
153886
91221
55225
197470
186411
49372
74770
22960
58477
4095
188337
89315
138374
173439
62377
109406
163072
199578
50953
120049
199452
69250
134790
6371
58913
186573
35119
5299
140249
136488
49421
126924
87895
156477
123103
118255
133872
102255
101488
69828
74465
197635
27228
110809
35310
100217
55189
196381
119132
94501
115116
29362
43604
159145
54238
132869
111689
148784
38807
38180
85864
146111
5374
171312
61952
161450
175548
109580
88200
93829
97264
17169
2871
139665
72701
138943
69831
149151
27406
30130
178653
10918
198049
15706
91931
159448
168223
96847
180556
149076
133587
164879
21311
17942
31006
41135
54271
24844
57840
117451
30485
88862
115841
134291
41877
117731
12501
27179
175544
136522
56824
56901
45305
103447
181400
11199
138094
148387
112658
115699
12766
79804
53526
137053
51744
141363
21107
79904
138929
57858
153894
167873
79118
30556
62197
193442
32588
83875
135384
14315
174200
168160
52931
179316
73050
2966
193482
38387
34450
107778
59794
146141
89773
25720
133811
153141
134108
40014
91654
25772
33603
93495
78062
199420
63500
67901
161081
57135
73508
111643
103356
139741
169667
158652
73030
54887
137205
175060
13844
185159
118672
146329
107510
102098
72177
193033
114820
102728
90526
158508
124235
90590
135607
17403
71010
195363
184201
130212
107337
146227
102038
123262
32456
89921
180693
144548
168361
163995
70750
41564
66227
6654
147087
19652
114311
142111
99526
31959
53547
181877
103307
140309
109189
7969
842
56920
172082
163720
114214
48830
127935
163909
72833
142669
127975
88185
95515
154061
149469
193244
86823
24415
71483
10203
77888
78460
177053
190154
119176
48017
71345
49763
164938
13192
171463
143550
25229
174428
2077
25534
20176
34432
139763
90246
126910
112043
156516
66174
37626
143070
86935
157408
70792
84196
36519
92931
90943
187415
79566
122642
134565
125333
24195
19791
131973
130424
78171
181403
110779
31259
164595
165288
13723
188561
152173
113727
83668
42961
130660
86607
181911
54121
127690
163545
177203
142805
101815
33473
168520
4468
139232
68652
89049
118397
64375
117018
50303
109456
67528
58230
132198
192511
172924
98592
62592
77482
5835
50863
77692
146311
149027
180652
53277
13840
184675
176600
17879
117772
137496
168359
27876
106029
121294
86937
183868
30327
109474
96351
189140
85021
49034
88213
186468
46675
2264
23498
141241
90089
57674
191376
67203
1921
145182
16137
197902
47918
153473
38341
159571
36186
21429
150277
174498
198427
108683
190611
29737
73042
152085
180840
111734
126793
107774
176598
161039
58639
33324
122815
185491
18975
193836
51418
114503
8221
115550
191698
71093
125066
165670
110830
54397
75058
149779
91284
21985
50803
62056
119528
127326
181309
45762
138856
74286
53021
111362
88505
81631
119499
174408
188440
71636
180478
54176
43110
103420
198736
124374
119678
183022
80444
61497
15144
163943
158466
2883
43143
20475
44809
141298
68240
152556
49432
93943
156135
171316
103630
114405
128584
110017
148944
11503
193920
160773
123789
77782
58210
17730
161484
13617
179007
75191
108984
162348
126193
138836
67385
30815
53203
167590
178560
124312
193168
37294
19437
111796
183589
196900
135946
183436
141940
199313
71943
136708
25394
76382
65691
78403
38699
39306
12991
132868
169963
119737
140762
124353
110897
52470
21156
179149
183300
2903
172448
198263
155236
8422
97722
175529
29320
107155
63130
182604
24956
38814
64623
79634
81400
113223
81906
84328
160798
16805
19386
155861
130165
7337
128172
60193
28222
115588
29972
198089
58361
172967
80628
120525
147846
63271
12877
12764
109999
18454
33446
113567
174598
6348
112998
150661
96987
143784
55895
40366
162284
114989
64420
83716
157194
141272
16240
72537
59076
179892
92714
98161
40864
199827
39548
38819
166943
107770
29435
33988
152062
17903
186875
17505
111655
31166
6388
97709
4555
139554
189742
40609
1552
189214
107306
26603
115032
94599
130415
105505
97458
48904
88318
73002
119597
109069
146455
4730
151871
156259
71590
134259
113407
112877
196476
190273
15123
61718
160772
94471
177058
72659
139924
14672
12713
35973
84748
108425
60244
38311
118530
61908
46467
28244
108213
72550
163103
132523
86909
160312
80713
56386
96951
129829
90767
29000
90510
163498
109251
93501
146628
198397
169448
159069
16673
65234
7059
199707
59772
178704
95333
183290
41329
57329
15076
128222
157249
172981
105325
100518
171616
177609
141875
160589
82475
21361
50359
90150
169705
147773
160249
76114
154626
132495
161577
61150
68551
41955
61058
41238
49390
32812
78828
88718
152533
108619
113096
194629
100768
34889
20906
102722
49098
95352
164177
154115
106680
148377
98405
92151
6238
154796
68172
138909
194853
104782
187209
190836
150290
26591
26297
74127
83723
162541
152888
175541
173477
154914
94674
177631
4636
29220
130056
33910
164137
168584
136456
58439
160602
164480
168130
185888
146144
185737
62928
101432
14947
96475
158465
122320
124682
135109
70520
111869
194734
145075
198116
156532
150655
186327
87669
70560
168404
7461
48224
34557
9740
143522
147722
89587
185592
97776
98135
67701
120082
78789
129087
70077
81402
154739
188265
60694
113419
15084
17256
86357
92558
130437
58365
126243
194818
23186
82104
22462
53928
96693
105457
124521
68294
32482
179484
70260
44939
74179
91917
8317
154832
30654
35993
139212
168527
30075
162906
161082
81509
124005
75608
28721
80577
130893
94820
13049
6381
64154
28402
138587
69854
94928
30903
49551
63576
90254
141263
183949
194802
6630
173437
114369
85172
48124
112556
189206
18308
142053
116896
48049
10001
84461
140606
57256
192794
96452
24205
98657
10751
148284
14241
124282
120054
111006
121331
118823
76490
103717
45914
147523
153065
175572
12833
171866
69517
145693
25382
196096
152770
86993
191032
20482
87866
97802
190951
60702
1875
177250
159693
181278
124762
55008
97312
171067
99013
148822
75131
126130
189658
130842
106553
16136
71553
126408
42706
54553
180174
10303
147871
163437
144324
84459
37403
179982
87177
190484
64936
162015
145100
90500
75249
41239
73356
97614
33930
39958
42449
73140
156395
97636
137418
152829
63715
99484
153452
133258
13820
144543
170450
174488
105966
169678
37557
118536
138650
184923
99614
189507
38000
4092
127025
162449
22863
70394
32191
55362
58980
138544
15101
103877
39427
35804
109115
183456
176789
86475
20531
145279
125984
116590
178435
3504
187109
10645
29462
78561
15960
161360
67241
35806
124832
44016
130678
155651
4153
103403
127885
11487
75255
138479
72913
47181
101556
178077
184104
185171
12454
150085
121697
79028
118273
194282
139461
163388
55828
86620
132120
84979
138725
7578
54428
89296
120516
32343
5036
94649
148107
172977
102870
131424
155752
156399
172378
39586
87626
130401
30484
108630
180308
29895
144584
53109
115686
169683
122398
185926
67652
49857
57415
199991
80945
20869
103560
141329
171555
95250
99380
146537
71816
97456
186889
170300
95320
66212
133341
28971
174731
15520
187679
140689
14719
86819
188482
8848
82711
54956
77954
191852
109250
158631
39069
135151
104795
72468
45600
80991
56224
65440
30778
116007
199499
61506
61200
197272
172752
65644
6577
57641
77089
20525
109545
13485
130051
12884
145574
62308
47284
74966
44442
164437
130219
150954
38532
43724
46516
178448
61777
5227
176832
106677
131066
161529
188291
80
55469
11495
5571
54791
186577
162776
39348
87212
19825
8847
193078
33642
165336
27862
118204
70244
53856
88001
170215
182749
110707
154694
125842
38284
72301
51582
47613
23554
161885
22766
95911
11827
184522
199428
154075
63546
1885
199393
130786
23667
96236
63024
15565
91197
181937
1960
74755
131200
179303
14505
102713
73287
64732
66126
176716
147494
38946
172774
45129
19421
36536
148890
112522
115105
85754
80642
134296
97226
186418
138111
23444
13612
24082
149638
19201
120928
158834
42141
3619
36012
51724
5009
124263
165076
95525
84114
129945
174625
152922
110389
192260
76153
163347
72682
55126
124697
131359
88017
96870
193743
51424
173413
66053
27146
62966
125287
159486
153370
101348
93998
192124
131779
146678
180612
3380
151053
193863
106573
131859
44443
193300
155964
139026
60213
113196
118819
8390
32396
178430
25930
193804
21617
181826
106403
78261
151456
138655
75032
43423
133244
169540
139207
69066
146155
150621
93623
151993
24492
14307
111442
46979
44775
53309
88347
135890
64295
139384
55433
35151
50802
92584
31541
116553
11448
79076
194617
146154
83939
44706
78487
182635
122549
8500
116688
126748
113327
26772
155167
152568
93823
46423
54011
149584
134742
71446
85360
182567
71690
27666
191151
172863
160296
134588
127094
5967
144709
40288
191829
182546
108904
127032
185316
106791
43378
159895
7606
63337
67168
41392
27294
56560
106922
62186
178061
136105
13582
116147
167472
168862
50035
184067
104476
137467
40539
343
11604
94679
47239
182118
123571
153061
100297
118826
92236
118661
122369
115092
103186
165813
4350
155367
182462
83012
196408
18873
122372
35288
76522
76369
187828
153032
133686
27702
28647
169133
147863
196742
94888
35660
76578
132731
182283
143816
166485
127641
43901
193037
139078
195724
6618
91769
114196
182214
152795
193285
64261
100452
186429
35313
54668
98476
50059
174715
48755
122232
139038
168454
164127
187576
66430
157618
25472
177695
13789
166527
179884
67078
58847
64372
52428
17299
161754
161755
199178
114197
152700
92419
153922
184935
51084
54182
38024
38576
155327
102880
176508
192698
62763
196522
148102
87823
167930
66458
198319
90135
14086
30756
119129
188918
63819
22548
97721
115510
67051
51352
3294
34921
19988
174370
31498
70318
144612
152123
81134
79168
39408
44682
191792
101037
5204
182708
41847
138222
91225
191521
159300
180459
164768
28285
183426
101536
10916
190355
102697
80024
137584
109241
29963
151584
18593
158518
21427
187857
154463
113744
137354
191972
40610
164257
130347
18692
35619
28868
167441
159973
186088
122534
194928
110307
165446
71573
108194
102409
133671
36495
108986
74940
74368
129277
72828
151857
110381
68929
91140
164318
45937
30285
93439
28208
135223
192606
72102
158988
86704
158684
127171
192327
187630
127778
92317
2737
123971
31033
17469
38518
32645
63837
17613
183602
24338
88156
86822
106705
120567
91972
95253
74830
103825
138174
161509
109846
93243
138867
24679
129729
3644
163601
142807
158138
74074
164579
79004
161355
199384
50666
93474
131706
97508
97840
40716
191321
179695
60040
43983
119096
63391
59515
109397
162996
156939
30970
142004
112792
78882
13326
142902
91927
67354
116059
71173
20651
91784
67784
159983
82050
56152
58175
96052
149545
32379
177265
72315
186898
91409
156705
35423
37722
15262
13577
157419
33782
80754
148084
189851
125690
195265
132952
66111
146344
55783
158233
71642
26186
28790
67306
126336
170570
148525
88933
79367
70001
135950
91112
158299
179151
140661
99742
121279
56574
129639
176550
20122
69075
124872
91215
89839
2674
133920
160399
53180
97105
2670
40763
121176
605
147443
39952
44752
88892
18378
9511
150442
139596
55087
30239
199461
177181
50480
140370
179440
124499
31180
49408
134911
190717
126236
98938
153780
168519
117631
179176
176870
174999
25835
49227
62940
91471
128339
168857
167837
65397
36281
128431
8126
125686
47885
114121
164104
197288
73246
105072
159964
107777
179461
189364
14130
168018
163153
54151
146976
181141
32196
157041
169557
119518
196292
144701
76790
161772
155054
110600
39350
111690
97381
166509
155554
97716
18270
141173
118794
9328
31971
82473
141939
67184
57159
125512
122653
148491
139548
192436
24964
10553
175722
152134
34035
159900
113755
30399
106609
101346
56292
134795
37225
57450
173366
95983
196936
28723
57492
177298
186003
45348
56907
149023
113092
37925
18367
42472
109153
152640
114238
113516
190895
157103
96073
129885
2154
54652
160007
91273
7189
41660
69699
83432
67671
66049
162785
132750
7808
86147
148862
20558
126754
153962
187683
61852
31288
58346
169160
7176
88725
15846
75228
85057
33572
93418
132248
39150
80137
101804
49676
193968
185469
43704
166504
39669
68937
115410
46592
144760
83715
13868
127693
192896
189409
4822
162471
30851
13090
62540
199220
175183
126701
14465
83854
70963
128190
79010
191893
176138
77664
193754
55484
26981
192037
25521
95402
46045
95685
125708
129523
108511
17862
80809
142869
100737
2532
33014
65622
140592
51179
101139
182870
60603
56889
123266
80261
117006
68889
151507
138370
102187
180828
39788
102274
182901
60429
115687
165709
30287
194553
101962
174201
142921
176953
15922
138656
47470
622
142071
138653
647
102317
91366
175250
174836
106624
110814
160081
155566
59876
180271
166104
5075
30171
8004
18207
28190
41867
57823
68349
19684
176144
104235
184573
152479
135003
134783
9917
27609
97572
24512
7132
146563
23634
158191
141594
148860
117442
138163
136141
93591
136478
154509
41952
77451
188827
32554
54406
34893
58491
93931
165228
123158
85889
51050
159502
9993
194101
138397
99353
171346
104525
11070
160154
198851
129064
89543
5789
86715
139670
100044
27892
102827
137673
138710
108614
45084
86438
102720
46144
84974
171696
173019
168427
6331
175035
100682
19351
162991
135675
77277
101901
128663
161569
62953
179227
143741
66939
102615
154667
3933
139403
116444
195390
82056
97995
192702
153602
123306
70700
187973
137324
190534
169323
113163
135330
75748
81648
150611
32334
92530
138303
105933
127989
14516
13379
120430
169229
64217
105117
140253
147369
136494
165497
113241
48118
54490
167777
137154
19496
103862
167197
176248
6684
185758
65782
22418
21953
70028
78275
96680
1939
65484
182081
172066
46062
85232
183253
77649
162854
155324
119724
46106
176354
106379
45270
117938
168340
69933
122809
126561
138862
19733
150533
132116
83069
61089
150095
120832
162575
76416
3262
140552
16125
136735
146498
153158
156110
78715
94610
99704
183334
134007
196625
78952
94767
30162
170384
1320
54685
65312
23736
184211
52004
93791
50560
6811
152124
101444
52744
33551
21547
67359
58246
161231
160623
56732
166893
169909
70586
70521
144852
113635
169816
75287
187246
192933
93190
122718
61880
66942
147907
37214
163661
118677
54254
26015
95834
7428
1404
158271
112968
128130
121328
155846
9601
72463
11553
188635
151715
157029
8903
65578
96038
132586
126630
20462
6086
38614
196966
76975
176848
104742
164817
18882
157057
38640
161133
31379
138021
42112
183793
45901
153564
13916
98762
24619
93335
51430
111630
193475
128908
72429
155490
108400
104362
41085
78002
47027
152213
57470
99446
123517
58324
128346
167143
49450
155468
58817
64780
21751
173370
134336
3870
50258
193298
142311
132125
182275
99960
98969
67886
31455
113040
138139
179321
180229
5860
178595
180129
94717
177718
111871
180497
24431
151479
53953
150429
179786
93767
194430
78207
151976
188027
145034
40520
151149
73917
33848
191285
163958
21936
194130
190131
59747
58794
69694
161279
97209
185809
18814
23059
197553
45603
72784
110203
35389
49734
195834
92303
64519
198574
146151
127238
165179
152609
133710
183677
141906
17490
68908
77678
89904
2543
197841
146206
128593
1267
79366
45125
134479
188133
124965
135821
52507
170394
144149
169772
145529
180947
156842
143654
94234
156239
165493
172215
136313
135281
69871
13542
28133
17984
167632
21236
127535
65533
31095
38573
24945
36426
190707
157865
29373
190320
6508
777
66675
156122
161740
78286
167386
190827
165509
152365
137126
83868
109058
52810
101356
12975
20641
141729
123816
9263
170054
88376
78968
101385
6386
117426
116912
143210
193817
46833
63807
169059
165477
100329
136661
189036
184252
18610
93499
153812
195366
5648
46004
39874
53209
193155
167115
76027
115281
50945
104218
192622
91005
116472
169003
2497
24908
88772
40732
95786
82616
64159
56231
151326
58569
91631
109467
129634
23176
9621
121659
180850
87050
114774
114484
119607
97417
191649
90865
25614
50110
83388
113760
197509
76967
90827
86278
26517
95938
183997
152945
110930
8079
117623
43642
126850
69625
152592
51672
187370
66067
83514
185334
61454
27928
72623
114135
85861
33479
185890
57912
105311
47910
101473
123231
167333
123916
108239
50198
57149
31428
87706
128383
154446
24332
163084
194381
164512
35550
56077
184169
156255
106135
124418
61314
25019
26912
151366
8610
40246
88624
9754
123726
44956
27994
54969
23715
131377
190436
35319
135173
121591
4019
134843
2576
9308
186455
150525
54054
173498
35476
105707
180128
46245
105390
2290
22744
15693
162904
93226
164993
83077
156040
181950
33282
43165
152886
170860
161238
193527
32623
5010
89607
149146
57771
159737
126790
39685
8460
88897
146409
175512
3934
143043
31667
67397
157634
181647
51033
107423
28715
138086
10988
155911
58485
83648
67450
72702
62116
47852
52788
138171
198216
77487
173491
168528
149976
40441
87023
31772
90840
50576
120211
31281
10932
31503
124952
140578
152260
84538
94905
131815
87759
126470
96821
61042
171479
132741
139711
38209
77126
158354
6671
97061
166970
164182
121189
185056
79451
125102
60906
1194
81942
66006
82070
131219
96483
138106
105451
112157
175718
116068
163801
61642
165234
166868
199575
34604
82290
138420
187178
135837
110777
171710
125212
3313
107759
183506
35320
44947
172587
141916
178702
19000
10164
199360
62699
191232
70880
184261
195608
128539
60558
39399
96075
72421
167152
187147
45142
188187
16633
85321
25391
111925
53670
171268
93897
22234
190485
129620
115481
77584
152461
11331
109800
188194
169210
165314
171020
193431
101832
24060
107966
153667
33635
28500
161411
41710
56068
145110
168098
142036
135686
14880
53693
76758
65150
8573
169257
125020
116265
88096
180326
138286
171630
154018
42228
124314
179185
44010
43228
18825
184587
147976
105342
165301
169383
148073
47926
192095
149898
104129
48981
58907
113477
46348
61086
48826
147109
16648
93455
44350
120960
94173
120268
146443
162117
69666
109203
33906
105527
152402
28262
93351
27077
180971
153823
30266
131203
160419
159799
47245
193685
176884
172326
139925
51568
182037
133129
3827
36963
197377
167557
5180
1871
103167
161203
101084
130429
155056
195143
152781
189151
111847
133864
77012
186658
73499
54766
75986
37632
20517
192306
101094
122013
160991
72692
26433
59265
97496
47043
119262
54714
28121
188812
144409
142889
66229
161608
99750
48481
86730
80771
106595
98163
183240
62028
198231
99908
45822
107305
21979
77569
151537
166470
100267
173896
156783
158136
66598
95850
46131
179206
182023
1974
195309
175891
99752
104968
84897
123342
42280
67765
17373
5454
187555
63259
18485
164
103511
33758
108524
103177
28398
144420
116176
184514
71462
77772
56102
10339
119257
74638
80971
71357
16614
136454
139850
25242
164132
26451
112484
30526
17540
178468
33149
192298
86113
118149
128537
8942
118272
37731
171930
69986
23569
80564
46433
306
108269
62047
69417
2236
154559
159294
159435
64369
150796
28959
65100
108295
67327
56261
178850
112239
187861
57778
180419
57033
188938
44937
149314
7268
189026
49282
116320
75778
99058
119727
79696
168227
149507
164644
106732
188870
28513
142394
114583
180120
196485
181533
137556
173788
107837
177439
20626
140208
12574
16375
27632
183258
199088
100613
175870
63703
144378
14737
158252
7930
162127
118606
126046
121619
40805
60833
9577
47567
109644
143358
195020
104643
115927
97429
147027
49250
90429
58570
185298
64272
91646
39387
127394
143910
160181
174628
93426
129189
6413
63262
47561
93803
175813
160683
149329
194447
1570
152154
188652
97051
151107
95047
133668
67488
69950
34505
151281
192544
67036
93302
181499
180503
160458
45669
20354
111520
23495
35742
173729
138654
176254
131573
128585
129722
187734
149967
50807
32564
80868
173277
6375
76138
176134
135867
30669
99494
104286
8280
7580
34388
144643
133142
125503
157069
96280
38599
164408
43846
7590
135137
173132
181869
131994
97800
83549
83543
79313
118953
49563
110530
106456
19338
33655
32865
132163
39300
132806
16078
130561
153501
53026
62797
119106
72609
181944
50408
54086
94530
8240
141850
97284
142083
40012
21091
145016
182278
14827
58543
15632
117912
98597
78021
157366
83100
143924
143933
46732
43592
80531
129875
154468
149537
11602
31646
161070
194558
115952
141779
102444
173450
54269
53784
13920
74608
111277
108241
86476
69751
154515
32651
75711
170705
187175
134703
9199
184332
55859
70420
113328
34134
11195
86371
34357
178182
102957
57390
75348
749
37699
59200
45863
191882
26350
94060
94698
75434
36853
148774
97734
153114
191710
23073
34214
12755
13034
125052
138155
56663
41183
12254
36125
9391
28265
142890
193775
153081
91793
73721
79981
26986
129567
43107
82915
146894
50736
189525
173902
148707
32689
142809
113852
160112
67735
88040
17475
78835
78031
14999
190411
179424
184784
5510
72843
37949
74604
49360
145882
24739
37037
171247
96167
191503
40373
1201
58944
54167
55257
10260
9829
110134
119614
153913
26096
189389
153728
12285
93993
119697
43863
4490
21430
77708
59548
112225
33939
110428
60102
116828
182697
163229
198022
119185
190932
108797
196352
76015
122118
7605
171818
97256
107620
39185
145102
118478
147383
186452
24330
123391
72181
59617
139568
126958
27884
3648
184486
176047
67390
67054
15791
168904
95897
10084
24035
150018
174843
123265
152460
8418
134840
7668
149358
196967
94344
20396
162958
48676
123203
84426
169815
48357
63232
136179
164553
105862
119058
49608
145619
32733
75875
51252
72313
104466
120711
169425
150495
117830
149874
99203
93904
5389
141067
51030
181155
166789
19096
4680
101917
154005
109097
105591
75169
113915
190528
13944
109634
120957
168875
49925
149304
25775
165952
139391
59621
74380
26213
112585
109713
5560
154494
128505
174327
178098
183620
151194
148470
188290
119580
169888
30575
16179
108976
197706
70059
111827
113279
10312
24305
86916
41136
163038
193014
95040
112064
170004
52054
17006
134010
193892
182716
32272
69353
185978
113981
114039
108743
57083
37417
20820
11866
145757
85772
129779
41108
144968
11433
65313
119739
26502
129637
161536
11744
176628
80955
63989
28119
126096
144462
171505
113718
167647
13047
124501
79613
105208
59530
172289
24815
166101
172688
95513
57850
80922
106675
176935
187287
139855
114325
95300
135619
100104
58286
180152
61598
35428
18146
124531
92812
75429
114279
97749
129388
96661
123347
159005
42918
7541
175742
124783
29747
183546
60921
74515
188035
197568
167481
152067
135049
101775
140868
126030
43055
52174
78754
191932
147710
180188
138011
13814
107447
123675
88609
112023
189060
85298
134683
148203
6379
154878
39929
131754
86301
14413
122719
98416
36705
95168
194898
197587
122371
109300
111233
109119
114509
48968
112876
122615
160491
8862
13588
36052
556
79901
26282
768
113895
56539
71005
28575
34556
32005
25342
47551
113087
30939
133045
19633
146785
132507
55626
165896
110502
72625
111743
120757
90729
49750
936
69667
37158
179425
132232
77015
11326
34721
117163
157417
84188
1280
140089
44993
58810
76970
125136
2200
113283
64875
126234
26777
97650
25954
75749
193736
101165
102516
86477
113951
63972
147747
122306
65289
34080
90279
15651
4738
148112
119867
49582
19772
98811
168044
166460
163989
175777
104750
4062
81420
115817
91738
124874
87583
197225
20198
25967
183086
190609
182019
151763
1306
119786
35587
19472
45319
191136
80210
103250
85072
56620
107975
46855
90263
57978
85806
101261
31497
173012
109911
34266
94144
171661
105503
170491
189166
118171
71655
197270
195184
32839
135094
175238
61781
153419
81868
23830
107828
92715
198657
103300
121709
1715
64344
38831
140823
105213
197295
109210
70173
99804
92691
162823
110725
127290
171163
180803
105598
76030
175501
175266
57537
61943
178091
174193
64101
38758
1151
68128
193403
185546
122324
153933
100150
7376
190619
175608
155534
154948
128587
165500
126368
172199
152639
114942
125325
65938
191300
8744
23402
34161
109927
44625
30303
180701
161669
124809
6070
126448
146596
37855
117299
30021
109758
22403
75815
87870
165315
69706
153427
125750
9564
79356
25681
181058
143728
104035
131602
110639
105249
139010
60041
29774
83656
158759
27844
175256
118162
58010
182876
182702
164218
127281
192661
145463
117172
187965
189142
185329
160389
150176
38883
28249
21006
125093
61385
134714
148263
34739
112460
40959
187534
117869
65165
37465
47919
12291
79604
170455
87551
176882
91859
49254
107239
191028
39833
82020
69679
72841
146993
60857
132448
197482
23347
108086
184581
170180
103354
121462
44714
62678
171161
127956
150006
137455
53312
117891
107392
8604
115160
78536
63309
46840
65133
124861
191548
191699
9231
150075
132193
104107
22542
83586
21065
65574
156512
119732
96120
141984
9664
112310
98813
183531
133141
179219
149333
133044
50263
161217
155424
130224
138573
37033
135718
164987
65867
153864
155014
91311
170100
30035
4908
120451
2318
68569
128262
68465
88500
182713
172569
175900
110451
6728
195083
14024
139857
36585
180699
199688
198709
163105
157065
162098
166151
79568
165673
77603
58118
145180
198205
199677
148027
135352
67680
86910
81934
27780
168789
113632
183627
50825
159713
167002
80696
141186
63610
126780
58723
7387
53169
119802
104336
162828
94811
11965
110062
156499
90380
105767
76051
98908
180561
182963
101124
193474
95866
66621
82428
50543
171624
167091
136892
60495
156551
39522
158198
32594
159290
29998
8774
121130
152281
147410
71527
109044
198903
15237
176410
140906
73352
7117
198866
79007
176493
66336
187004
55680
17392
166648
4998
129832
130529
63332
67731
180894
84108
45932
10722
40384
146538
184338
178453
103535
128263
136364
41456
72512
190685
130640
59121
185400
142978
89356
38058
118911
13543
138697
45871
165225
151503
24288
58893
101740
124055
147262
110221
81576
195874
80962
22964
101425
75293
6223
108826
89870
76297
40188
199604
186036
47116
157849
158987
129434
132323
148745
13483
61534
40948
22071
129668
134454
115242
87517
191239
47482
68225
44903
54528
57527
161225
149727
25854
179725
108374
81851
131053
111164
86126
20036
46849
20549
131585
10003
185451
75672
187306
199391
98374
26055
198621
39401
90455
49788
68841
33016
178801
185314
143498
40350
17287
174180
12150
140980
67983
25083
93154
80819
68836
55512
132681
195231
22221
137102
130159
99476
177728
38158
16320
100126
78379
177091
97922
66996
154278
49031
104733
187595
170790
1650
142276
19886
7217
91522
63777
19313
138203
37775
109743
150113
132561
166056
176496
86606
17574
125269
33276
29068
91698
143218
47816
163246
162055
97430
134200
95485
4370
167650
41205
71469
23211
196176
130666
85257
20890
164449
189276
67003
95610
74691
191353
54830
131790
1988
79835
126689
55511
33075
109879
158818
192885
69782
183343
123546
8783
80416
196635
186720
19735
176659
67098
181375
83992
165909
131170
72004
122389
111194
59339
41024
2866
18554
169228
199158
124942
61211
123930
59914
109560
82658
65258
113616
70584
199581
179035
73543
68254
197354
165741
24608
1605
44007
143318
198104
54239
62805
118902
109515
33738
158588
2300
48220
66631
101012
165829
84380
72232
88258
144164
114517
99506
179603
34146
169392
47440
65467
110098
112752
8254
197905
53788
108475
184776
107090
69010
39528
28543
5137
114122
21945
149071
32375
163548
83055
114763
66638
52463
63792
47576
164514
161481
38224
90242
116710
8180
95389
10531
10784
75465
10124
3867
4482
40013
95374
37222
56656
148500
45978
10301
20738
155530
164506
192212
132843
129697
47859
51823
199872
170920
38708
104793
62821
183189
46091
79529
74011
96652
19991
198177
177280
12823
71248
1216
403
187902
83021
195510
5423
16234
148812
149085
109510
105021
83774
84269
80718
31857
37484
178687
21879
159350
36677
28539
157512
147806
102553
170040
195354
140335
143592
61204
95793
173388
161373
179783
105437
83083
143889
15351
94349
114808
3950
39763
170137
84683
189621
41503
19323
78387
16421
181985
21755
153829
3187
194000
74535
1109
65737
199919
89006
153831
182174
151967
52001
59582
74498
107704
170372
148777
120537
162668
109257
18999
151860
192727
172409
85876
26461
147378
106847
115879
97041
35413
189815
50285
13274
186561
7129
72599
34794
176469
486
32254
70005
77453
166176
102987
108900
102869
197536
19942
78693
188289
19824
127227
27188
27067
132170
118371
120383
106750
74901
167323
29819
16667
106177
118811
61219
90070
113313
167383
17677
99707
3564
70461
6217
56431
123331
159056
177151
97411
169046
161606
138632
70523
32075
154467
20709
90832
153924
48190
38014
132076
125278
112824
129310
83183
66874
199778
53703
80409
8365
85331
193235
131198
44592
196113
82820
111187
5090
88658
108592
8163
18883
140558
510
48667
68403
133372
156764
15306
66654
159505
85086
142803
32216
98366
144610
93398
15474
27893
31666
70688
194059
34102
20466
131712
13938
113774
167206
35394
21485
86763
104309
168204
198827
183785
166800
92946
146256
14750
18186
92015
173002
119624
102075
192540
161952
91120
185067
50883
24402
90570
181208
62067
27762
137974
123109
43920
27203
135585
5110
191806
5443
121494
14324
38252
161214
88909
110265
77568
57243
173956
126462
71408
41923
108246
174406
157053
22338
54641
5661
20238
128083
26806
76700
88726
1873
52845
14954
177672
111109
78656
180853
27296
101246
169454
103836
171248
82183
141016
23567
156808
129267
148647
45534
52710
58336
115424
125408
69749
46209
178904
544
143825
119810
64441
37035
127030
119670
157549
192329
177908
190276
142416
185921
50261
13364
100231
66512
3355
159176
78429
168572
43631
95511
125607
24213
16217
17301
171198
101183
18395
37303
25507
150626
124285
114883
147385
14945
38877
197179
130264
30110
194845
54698
129666
46002
145777
17506
169110
168725
97906
34723
165660
139771
143151
75166
155966
121664
17602
60078
174542
103675
25251
87767
165994
107638
33068
196355
90383
137212
63402
172437
85506
193802
100306
109839
188882
21241
167606
64746
153246
179826
31712
104954
50893
80569
46120
65625
112139
162170
66609
142713
168765
54998
29775
177485
149477
141889
43396
106037
163747
169424
170398
47471
150023
8457
193497
1585
63540
13285
40613
8111
83904
138044
16085
72831
146318
50591
35487
47329
190588
12714
28544
193703
82445
171680
41260
171397
3726
44037
186294
66184
13525
124268
51537
172942
145567
144222
57028
159760
76105
24881
192393
47838
163075
91144
21095
33875
87745
139347
79152
29976
170603
161278
110299
96782
69503
47783
198956
62187
79936
171103
126429
72934
4977
56845
173358
39005
93098
198403
169061
129371
9121
5339
176
113047
5607
116080
88611
141966
199194
174294
1093
186028
44864
73182
100537
45163
66473
145978
149020
151063
71449
30064
159155
193116
188342
74685
122310
164301
72953
85917
10293
92455
64558
175803
123683
10219
27813
59599
177241
32380
180410
39666
84677
114396
99592
33320
131691
85113
96665
154936
137679
59176
81978
80616
37808
44883
196876
16860
113119
32599
198028
153428
9540
147042
164600
18124
72481
3968
32404
134777
56357
82335
112714
156295
152848
178921
10151
187349
179349
124587
116050
146799
126597
79585
190769
197117
90402
51202
195248
98889
29803
88898
187104
144817
97438
92854
66982
107753
111205
52073
168286
195240
137686
110794
148099
95872
82042
64432
166344
88332
65414
54949
177073
132845
154023
1230
8975
176996
73325
81096
141693
198904
97486
74008
105861
136848
7472
108995
140581
117547
69279
151041
56936
38408
76005
45092
108698
140663
187332
189839
129384
110411
95161
185300
79626
79806
69734
169417
154011
68270
28709
127134
48901
134686
37973
116505
96274
53817
98224
154802
89054
149896
108937
47082
161967
49081
160820
100533
156448
86995
91134
91683
98123
136781
165999
40990
4695
4240
69192
16261
160643
168804
132630
85610
150957
26272
69579
131854
48192
64526
44095
145443
147223
152012
55686
52037
147994
184592
109740
107003
181501
110168
173533
192514
80963
167656
26941
153098
104332
105237
157437
69889
1532
14070
80479
112586
132704
61575
53990
195522
139688
184192
1806
44348
117335
114113
175583
47050
1728
8102
71898
20725
135942
145096
9683
101900
20872
48558
192748
4416
158482
138365
135891
42772
97895
136008
47600
143135
199933
3999
74351
112723
8188
126768
188777
133179
29949
185906
156010
196003
11967
65628
134463
192978
132967
64426
188836
84904
183348
28818
189535
72488
96303
95210
7243
12727
7877
25822
58920
50839
121061
31380
68985
144455
54626
89177
185346
7867
11263
3141
149566
18663
125584
123126
159696
158687
136687
143149
175508
16194
94319
174573
16462
193287
137934
189901
11932
8057
24022
181449
21421
145050
191460
30052
49156
187227
84616
119060
105130
57617
116962
24823
167938
32697
48195
33768
42786
140850
140894
94483
46483
28155
42932
4222
95852
125710
114782
98444
103096
122937
189862
93955
28462
84729
138476
125109
126233
28014
36604
149778
174192
95088
197030
18812
198217
104254
16034
80035
21109
85947
144259
174883
52039
139035
131671
196335
194328
165997
72916
114969
171782
74998
52861
95530
26762
77677
17484
48941
106968
166448
184187
121741
6512
65626
16436
170035
38732
86368
3395
43213
3720
33437
70405
111101
115450
138152
129448
17889
153949
172031
87455
76572
145364
111028
137400
181579
24117
50067
174601
33396
151570
68007
77136
68318
39238
82584
150589
193096
36877
75038
101158
64349
113578
22844
42447
122115
115128
73531
178143
30136
162474
91681
196365
55882
77334
118719
104184
187040
191689
78651
103193
51982
18030
104712
43985
186578
141382
14106
178023
2569
48078
92809
33101
113860
145613
103708
65590
4036
22013
74523
39914
155666
102659
98546
148616
78369
104610
82439
76332
154491
37216
106736
107592
88372
24495
55340
7214
116193
59338
79943
114814
74823
187834
111654
104840
45188
152164
156288
8896
33714
175904
60083
103698
38778
43063
18064
162930
131718
129110
122088
12940
162085
51069
5710
158132
135401
122424
34841
106713
182931
77777
70266
164831
62066
25108
64837
15019
104216
61597
198799
108931
140353
154003
60192
185680
107561
166357
26865
181454
139821
9115
95067
44968
102143
175176
47727
76348
194301
154555
192876
140859
20562
2601
187026
143190
58914
181545
12598
46814
115820
129583
52531
77468
188362
37227
177153
169845
57543
23562
53131
176881
106416
182335
188661
5550
80509
190141
71549
9832
58532
51412
22075
190186
40861
53801
193312
132303
188438
159792
122947
140919
102156
187564
51115
133943
93724
26996
45120
17977
86776
65054
139517
18440
75066
132367
140601
9848
170894
112055
77309
81924
80617
34964
191954
119655
26178
118191
71238
17637
96315
70319
67289
103993
17662
28084
108605
117330
59677
175275
188010
197610
74512
38852
195986
171986
21846
77881
136664
69142
161232
164202
154582
71604
199051
178724
103981
168667
148968
154369
160750
70871
54308
24395
126484
144387
155321
126731
103256
110563
149235
48174
194843
150934
43618
71369
29122
156789
69022
138217
108988
139345
76704
6061
19938
139737
77219
31653
44404
149748
177806
82701
147558
93343
49155
33730
194295
41174
28090
145177
178002
121507
179252
189766
35370
190220
171639
4282
142015
40549
104526
198297
15367
171700
196758
125
157790
40091
156785
41576
92384
136074
147259
22751
186629
67084
153323
53832
107362
176719
146444
164258
81005
54802
84177
73886
69367
121461
77250
94148
55297
137955
156835
113311
20408
134277
132943
20570
126214
41906
175245
168929
125925
64269
179900
98582
41262
186594
143625
54679
100261
35078
122176
144863
182022
82516
117711
14582
125822
199296
195135
53797
48798
68936
80719
47933
199258
87976
77998
144883
123365
29279
63459
62675
4613
111640
50702
21609
115084
157213
52873
77032
68851
110441
99661
108836
78979
8082
60103
195487
192616
43658
182692
41196
186509
11674
32026
101035
151743
126092
109073
42383
81381
116400
99301
43039
151580
1310
168091
182993
122197
65120
84524
44472
30982
133261
22654
11223
15059
46554
10487
68119
161737
75499
46957
48864
13013
39749
22411
164463
87516
79937
73310
5416
13195
66191
141737
103405
175677
198408
191740
95063
72158
181413
167219
148531
136214
144175
33806
88092
171262
135066
167761
122222
74723
40845
37790
36836
96572
23603
165026
111511
124662
193238
7921
120093
140172
180877
110663
116369
157296
87482
108421
173324
52952
65531
143508
33491
128725
93359
60529
65407
158852
20645
33550
134218
38503
178858
92314
23225
46648
198088
16456
50815
100346
148728
76750
252
66001
27605
152469
117768
82163
163101
182684
78203
67380
124722
87619
135875
171991
109508
189160
60514
80232
128447
165890
66647
103632
30481
38217
186440
175621
140336
31779
135608
55212
193245
168577
87090
128471
139432
166956
68328
152041
183784
195409
157550
115530
94082
140448
52668
80944
187738
55267
45201
184470
28415
26047
123609
166682
145286
42725
73126
163709
1210
15424
99127
70474
59860
11893
53301
172801
183072
32162
2647
106206
129802
23110
19245
112871
162987
52658
187007
127502
153487
174403
91171
3857
53449
144395
111671
58684
131644
113660
112065
91292
124573
54338
165690
60251
176401
138561
120872
199418
85577
38356
118691
133615
114890
116017
62492
174516
30620
117354
149447
109385
6500
59813
169135
153870
140719
21182
35625
105394
135278
24765
115730
175786
96727
190090
15479
129901
6250
59414
58842
28384
127581
85136
131241
110366
84316
102310
55055
186057
52156
9129
74427
27923
43022
112733
6247
145522
120394
45171
132729
111509
29896
1956
50345
71033
136443
188007
128080
31422
73959
198324
136817
148357
184185
66526
58740
17564
134288
191402
161111
106428
109147
98501
86016
155281
148345
4745
34155
156078
67231
45104
162932
176411
132316
131417
51481
9946
55831
123913
148879
147792
124853
105239
63976
4825
101288
161025
168432
80500
3873
24937
189960
20133
113873
376
195862
148014
16420
113448
92251
60634
103705
173255
90755
128495
100382
103293
178072
164426
11992
96924
9703
162548
137901
14493
67345
136441
115757
53394
48530
158113
13262
159588
139788
163298
118822
41462
129473
157707
149055
120404
9329
40687
120355
39902
188214
26180
187416
156765
3693
62943
183491
177395
35080
875
30220
50735
23619
81169
102577
102835
194767
108563
128760
31682
17845
46032
164692
178756
166729
148712
72970
94216
46674
54836
39917
52713
134201
77108
126469
132041
79375
83814
12431
149484
192501
191590
84649
152379
173997
148520
198498
178872
176690
187286
179629
76046
75635
133888
75919
148786
100791
124865
14162
32615
6280
127640
32479
166034
143611
165318
53595
12891
168470
172735
5985
51164
2882
19546
109422
149573
124450
6968
198113
47530
146351
56113
1314
186481
17786
112693
64843
11295
10165
158028
181776
181810
27782
23614
75650
74887
172140
54364
173338
126681
96402
39798
146412
100998
50024
71205
93122
152946
60728
111694
35705
16926
144440
169962
116628
176030
174690
75616
33136
109457
9312
4517
50911
163635
117899
20075
103134
63786
136018
14048
133169
126523
115660
135603
191526
71843
182500
17810
108862
142530
191169
171217
163852
12186
17054
186575
20832
90009
106585
105384
90856
122841
140794
21912
159411
179991
122479
34774
38093
96879
111410
123218
12394
148733
40607
114399
149536
86542
180736
119566
1406
116064
139478
192976
199541
159961
52988
172589
136329
723
97889
195976
57052
101946
178440
180616
45947
22587
120536
89627
179138
129662
130197
168816
183555
118446
113187
128702
91191
53088
87387
184348
76843
44588
30435
190964
101435
124491
79660
16742
86626
32123
26309
35005
95200
27007
188600
38694
87786
128188
129504
182203
65460
93280
85840
154127
47974
71309
187752
140718
61875
198460
15135
70820
67770
140221
196892
26509
36242
65925
160536
11425
46692
73571
58536
175997
193408
5554
4150
12659
118924
145670
142762
166652
161732
186486
171207
168551
143241
2780
63931
99716
61103
50601
132575
177692
195672
161953
183408
124881
119787
22527
132965
48903
189830
170845
167305
82353
87410
46657
197932
10613
51922
34374
79228
20694
179565
18794
29427
132738
14257
169587
29051
192559
83015
79511
79822
59391
118274
52929
47638
115064
19584
21262
18582
99905
29205
152386
127799
65560
128905
57421
162975
14632
63479
34047
169243
102323
12567
155971
40879
135139
168146
194006
116666
148918
180292
135538
82874
131149
22651
110743
139705
169565
44458
92024
93556
88680
99611
13777
4525
110629
68750
83983
152747
41764
17410
159320
130999
197336
144552
161069
28860
149163
92002
36905
90428
34185
23861
165442
45961
2563
135041
132977
4372
151380
99571
96594
24852
161686
152908
13006
101817
108433
72869
160541
49317
146870
114770
92891
57914
94251
152876
52583
147222
191331
121920
43703
133264
173620
163244
32117
179134
13015
188495
20179
117008
102836
157470
90579
47633
101928
2314
169052
66214
101106
98662
89410
47328
1801
126594
50240
37273
117118
106014
116529
192104
82777
194769
191143
15785
109509
17554
183233
195174
3202
9723
175719
62432
199154
62906
52274
109901
31881
59440
49123
168499
157010
28018
138175
194480
30749
123410
62247
6696
184342
171747
134480
114464
140861
159709
52599
135579
170727
59864
190145
157062
89610
174740
23509
47352
163942
78377
62601
116635
191708
98917
111569
24835
118334
182576
60009
4217
122207
122449
31228
176751
196914
122298
2781
92770
52846
57060
32666
50072
16014
77316
137607
115831
68944
172121
124260
90866
7745
71273
121597
28329
110036
196374
39424
161786
101533
110012
5701
131319
130680
37839
10945
24294
139756
101418
102380
144003
17828
63861
75839
112801
61902
173804
42613
127444
22005
4385
158713
82534
95650
65357
170416
107463
24272
85630
175498
128792
99158
163045
175657
134341
27268
30984
120483
178011
62574
42202
54485
132618
36546
117571
28970
157627
17086
27474
108275
21852
116173
182796
18597
53763
89139
115565
104940
157896
141388
113152
73906
22433
142088
128177
107754
140791
64722
181772
42044
28947
5272
160498
72677
186160
179438
62130
65043
134109
57106
14708
114295
48080
155609
163417
130976
5751
15700
16968
64460
149418
129909
162520
179686
164701
192047
10882
99685
7585
151997
154661
26656
167537
33408
39709
130758
154732
76741
77785
101997
17173
82715
108543
60325
28048
102456
115354
61701
20131
47789
18695
177536
93886
127135
199976
191240
114202
2607
174420
135557
143114
186212
198006
109401
157609
7419
115512
7164
18318
5498
135905
37710
179408
54686
33885
167150
139579
19017
44056
31309
92741
46962
121731
149501
117133
6800
144083
198280
18301
81084
13163
153772
169605
47344
113646
124563
85585
170548
11925
199986
184796
72634
93144
140023
34817
173979
129505
79539
93257
14589
32591
104050
110596
39632
96836
49046
146395
34181
39199
108738
33237
67372
24651
6848
71667
89514
83556
108788
176171
172982
69849
54373
108480
154076
47113
122350
134196
12209
45368
105941
154426
138054
175298
148914
123346
59714
150591
38315
159667
3518
47739
101150
177311
96139
190540
186768
7681
121805
58681
132802
94774
120737
26411
186829
10933
23319
79002
194934
85538
149096
8908
137163
103223
150537
93752
183427
29477
191738
66117
17519
131970
94960
156343
93044
44982
100014
89497
57946
26423
111388
102172
104845
163383
57780
168242
24371
10948
9079
54130
145595
5190
81616
175757
14073
33064
168376
140573
53804
113659
179223
154992
100045
76980
158942
7761
110415
142708
2927
144751
93717
66804
9330
160988
194367
2990
30154
177398
23088
101436
120733
41753
2361
24977
161366
64610
79880
30782
179282
83691
111732
183156
126300
33892
126120
158907
73591
124558
6333
44420
109191
131857
17487
139311
126375
156885
143124
190475
146545
131162
45232
5851
65668
166635
45417
178381
95755
81488
179144
14370
53194
179432
20998
156628
18353
105337
100235
199285
147585
132236
95936
15258
74393
175031
199299
121250
122330
152013
4942
176152
104951
102447
39754
139138
77561
17044
190268
49073
120586
137103
124921
147839
123501
38296
148216
156386
154684
59043
161778
7349
21328
126050
41662
180313
39605
192228
5736
120165
106006
41805
40975
52132
89032
68039
184946
94059
44336
43554
142238
63878
154071
128873
96956
58337
113971
75736
153738
36284
133878
139657
192835
113661
85410
6477
169043
130615
74683
187498
3156
53905
156664
160474
25533
94635
57040
17965
8458
120222
2452
115791
103415
186068
53536
81292
81065
160923
184847
13287
47374
99875
141672
37708
162549
182725
110267
8402
193205
196681
134932
29834
79068
26240
171183
73648
194994
59362
7222
48909
83092
28368
138105
94132
6914
58259
73409
128570
1192
123590
44174
107942
188908
179253
164027
71885
138492
44945
165013
72695
135997
66882
44951
81045
130257
117790
195318
1734
195219
198135
183958
105604
95518
15657
7674
184107
88010
169836
122150
120990
106007
66858
42456
150297
148687
165198
85179
184536
158281
176592
154321
117379
69755
181223
77996
81841
153119
105361
20941
119885
188597
25100
103438
159906
164580
28486
50091
92568
195395
164886
197833
61410
130074
119668
175050
66033
179322
146278
102327
30260
61716
31329
190677
185820
102596
56138
47455
78257
138340
11264
53574
187056
78766
21829
158814
197483
166793
68509
31954
97725
12515
116899
71041
32073
179890
60020
179136
166265
165645
103002
35395
107910
140106
65746
27499
163670
167657
26760
43469
193918
180879
12781
109709
40830
188276
90365
122558
116832
127383
57689
98033
92485
104127
130153
54575
73595
171309
196576
198585
149177
181187
181782
81439
71520
138835
51177
116426
89468
1655
138512
192092
153530
190510
118480
101565
25057
130462
144260
156580
125103
96422
8158
84811
179010
74572
113458
91610
137696
48383
121258
114954
80114
78478
143253
96078
98468
94073
87180
121637
180189
68242
33658
175795
139768
55230
5167
194583
189637
80658
16309
41401
94923
25278
105176
176534
134175
21152
78091
44461
105225
85635
143171
38554
165907
147392
189641
101096
11045
14083
33472
101496
30722
154673
35571
24653
54431
180642
185726
65339
100018
98127
89270
53562
193565
12971
198992
113356
178335
101896
22694
142783
156691
141933
136016
77556
130221
72161
162678
91545
182526
183349
143069
97336
2155
49584
173836
11951
52238
34296
166777
7010
135518
35830
148382
68046
47631
39483
172657
132560
68716
141463
111065
124232
56333
110474
7064
154678
79724
47286
25686
105192
51443
125352
21851
186862
109184
141171
91975
56751
97113
26144
56038
93428
15997
100352
163591
81023
149646
160435
157022
89810
167019
118936
83851
181201
2768
70503
181606
30347
71656
1056
159804
134760
142391
109244
129985
70640
97514
170713
22072
143580
105206
96811
106129
100630
85866
74599
174890
18385
27825
22957
116271
188159
70926
9348
29440
63713
24324
145722
162108
109808
192880
148747
120261
23738
164173
3112
97652
170346
117025
182997
17508
79430
20486
188463
65772
55427
199425
104034
168852
102051
90296
76538
56651
152045
86663
163236
145662
16193
56604
48546
103886
68445
74898
118322
53044
88924
94134
183590
3246
40585
182602
32578
27345
92290
81967
187548
67713
108199
36573
152721
104356
158948
130557
128992
29470
136829
7549
52657
67311
121522
163739
177596
97626
187048
88082
20972
52840
172286
50964
136995
27971
195685
83450
84404
144813
63311
84828
167293
160703
101298
11496
192374
84831
176383
38545
168165
48340
9085
146332
114101
117578
46735
170688
105603
169196
32406
165721
2453
148923
90545
106232
10604
139008
159861
107281
64085
136737
149410
94160
103947
56949
6321
65878
87201
98267
181586
31660
153327
99608
69595
77337
21670
149446
65555
64091
30677
133496
23837
106830
136509
109438
152150
21295
185150
115528
87716
57339
140272
65435
86627
165539
60264
123844
114674
71765
6100
167234
148416
144478
72311
67878
109599
193374
68040
166179
171799
119333
104446
53498
48705
84393
159044
50712
182292
78357
7167
196725
41305
163003
172723
141721
185652
82159
84199
94724
4829
14212
170078
131286
194601
186766
107248
21847
106247
3618
117162
126516
173221
2328
97556
80384
126048
80358
195817
14400
100540
133913
121195
147323
11362
195025
174124
98307
85362
153891
76052
94488
87479
30493
19220
152925
156463
23807
6919
5492
47439
88362
11600
51474
195056
45352
115198
160939
23662
52122
19477
131072
164861
94032
163659
55211
185548
100377
171807
95766
11988
108343
16162
193749
148474
29116
174629
19434
123116
56437
35562
12277
89528
139790
90613
188313
189482
4500
103006
170363
27896
135536
180793
20595
64278
35380
67586
10359
151425
103484
5956
102346
191330
189936
104132
12137
45119
100474
104226
174572
132199
7427
157861
147449
184635
107840
29412
187658
176989
91183
103375
75702
102092
150567
180944
82596
108008
195853
170889
167462
79516
130449
52268
166852
158201
156806
29319
89782
177409
5855
161204
177685
122939
110227
54195
141847
30755
196609
61728
145992
11174
50813
178748
132162
156673
147964
56994
9685
103690
107108
50409
83314
184363
30638
78368
34894
103935
49074
102808
9295
198293
171741
136265
156839
48000
153193
117769
101643
47515
90215
138568
96375
197018
192316
80473
73582
79399
191326
177818
97390
68975
74267
46617
61677
34798
87356
174286
147647
119211
106699
137919
127955
6116
151826
53306
33532
169903
148967
127185
79628
84573
59491
142654
41105
151484
130658
184647
117185
199188
85014
10685
170045
135966
189433
54505
100475
127400
7916
144759
163291
34653
54219
58424
41397
4458
169979
11401
167126
175045
10700
17343
76686
133184
75845
118598
198320
68741
176200
67677
132102
114579
14029
160714
140798
64345
197435
193617
119933
41054
143266
67182
115280
185
160576
157159
158029
172993
56264
154828
192178
162079
115678
143701
127853
119442
105983
147354
44713
6754
168331
58854
179469
85488
20870
183535
89266
83068
14778
52340
8627
169078
182638
64893
82218
73998
96030
187376
176736
160613
164733
4637
61842
134635
124876
28238
118368
61752
52142
158098
61608
73346
194758
46932
2511
166782
9011
77021
12163
223
115415
47448
50551
17435
65413
4174
141482
102928
81189
159041
189691
133747
149654
37048
28483
129174
190845
86634
78875
198597
68690
97394
142469
49701
147171
193055
28231
118389
145190
22318
92836
190998
147149
63163
26709
125246
33151
162009
184714
81912
128776
38969
115701
162723
129607
164319
146761
179641
120725
59681
191767
130396
168909
162960
146066
91457
63763
149280
79078
60127
148657
113689
167857
162603
101243
77959
65636
21139
110205
57206
189879
96172
134025
104006
62081
162153
145863
179698
150496
52051
15586
110319
19415
91072
106430
74550
199568
38060
61215
13762
69747
59303
9032
131933
80216
21589
76171
189318
89933
50379
183028
174970
39668
178573
99768
153375
28464
112046
51183
91459
162835
39077
183417
49202
139731
4209
10598
68779
144515
168222
48820
62870
31270
63647
22266
158601
19087
95498
26819
76918
47683
168933
116672
183775
185122
153138
137438
2566
87020
189102
151443
191789
175766
198002
82186
189782
55291
136392
96281
59489
42483
70788
20732
41912
37646
130233
166998
175486
12364
46508
6236
122442
34096
117919
100390
131460
150735
99026
76524
54484
71687
53386
65469
7915
161664
24948
54441
147857
36405
22668
110489
22354
91037
101675
125914
144915
14760
72241
151564
166720
168358
49344
122733
189460
14339
113647
153067
30659
13200
85995
94153
43260
51729
163911
92915
216
139886
84570
108044
109616
100354
11222
178052
136355
115420
66338
143818
102325
49941
69215
185020
100084
97935
40942
39187
126658
187418
154635
105538
74846
169618
121033
109281
14133
198759
1161
77843
43697
13982
17534
63962
27131
103638
16815
43117
163300
88902
23183
89942
99475
133114
131008
102619
90375
164734
9641
185616
177144
20137
48360
168400
103854
62232
162696
17627
110998
42799
135308
184886
90668
198721
66759
78743
177540
129881
159417
37597
161708
43183
188315
72977
190031
64819
25102
92379
97770
30022
111005
116154
124147
169992
155669
153976
184102
148866
149712
94263
34208
44587
105481
128617
158773
99183
98576
79729
25464
86284
120058
87168
193767
52137
24740
150466
103623
165825
114980
122751
32394
156048
75531
14654
69054
164284
80634
58132
9697
79233
78427
135507
147695
164860
126591
93872
126213
515
71396
90141
81909
193469
83305
19575
35561
139686
119877
198706
147810
40632
89418
58678
61455
195320
55564
104280
8032
151125
4926
49587
153135
103084
85707
96168
133966
87361
54962
6880
181422
105548
64153
196265
83407
189095
153710
52392
42487
176730
85825
174908
151307
159079
28789
20620
164467
56027
67294
85683
5641
126877
141872
79135
176971
32655
10381
152269
130962
27947
176774
169364
79966
53199
181521
1157
186656
192301
41232
75018
178211
16049
118603
169879
162210
38273
96248
114127
177271
54919
199514
21229
51257
158355
110346
51269
103284
98894
99865
66658
142308
87268
64835
39012
79090
25325
49092
29486
80865
88126
134339
133561
32273
113553
63506
174010
66558
144114
194955
74995
113203
164147
80292
98774
114365
152360
91350
189352
3695
87683
173494
9337
73290
78642
49593
22897
191400
25042
25789
33084
103655
187818
117555
25183
20136
130094
129899
172315
147956
168225
117309
62710
128126
55870
153910
186215
183013
68249
44453
172390
5936
190248
124311
75613
78064
155120
105277
28487
63872
144386
81290
102696
83330
184011
175370
21369
44810
77893
149558
44821
11857
82793
126181
49482
70258
38124
150830
168450
162809
116757
117488
3510
164323
103995
39747
43399
79891
127905
53716
2795
178745
10014
197162
182642
68102
15538
198
148117
102246
128201
3539
112444
112875
85680
102683
77854
145255
58998
31650
150049
110379
175585
4993
187072
61986
157961
144124
195737
104666
23507
65028
5972
131566
143020
79737
59892
72023
55158
70638
56150
25149
46631
19228
139519
114140
195677
89591
62478
171102
14500
45676
134819
52718
26532
68715
158919
60417
41537
178948
86838
172332
165582
105666
10223
109140
4489
167859
150195
165921
49141
144601
100188
22148
195691
32203
62704
92934
82928
141604
18252
34767
101358
7062
46323
2107
64220
117102
105000
88635
10302
121894
36265
71330
14215
131239
6230
191999
71482
105058
78452
191155
99047
168022
166968
140908
29281
46605
43511
100786
3641
131108
85955
9581
190794
40729
187377
128831
149478
177103
78146
128596
151138
24009
146122
199104
132747
74788
166149
186961
5805
3554
195116
119944
168316
53889
119208
132734
7523
127684
77261
13515
161104
47461
121813
174486
133754
145496
176465
120869
122180
18240
36111
167866
196307
128819
66344
151906
165210
71671
87494
146503
37041
80661
125855
47012
4478
138382
113497
103732
175789
155847
51711
173622
170934
96794
122450
178599
162616
114074
54856
58761
119540
97741
177085
151973
175872
145178
12804
128063
24650
54529
123243
101499
183554
38753
143057
112368
164876
194058
182782
142510
82224
44161
165735
199249
12506
144443
171808
82922
152675
120308
791
114614
153796
164197
151102
112423
143755
184071
154835
169105
186158
74878
156506
139152
53339
37670
73431
128171
50952
60695
49522
15231
175996
14208
198962
13553
155036
137946
177296
192581
25728
148338
20100
53364
127278
132986
148740
20127
195993
82731
88769
143801
145109
161863
181634
32963
197969
187659
89460
174482
76339
179080
177907
63945
27304
187888
166477
127418
138102
149431
68530
88101
114183
36915
34702
5723
157877
36035
30989
169355
151473
65148
99851
97962
189609
167569
20510
3975
187494
3565
32753
192582
145451
101091
32481
172689
162767
2959
124894
131020
190867
104313
11204
42637
150649
63721
33961
28106
57709
65911
127983
161831
176940
110995
153273
186395
115891
129023
92053
77033
72027
197066
72049
194214
1867
35014
58875
19751
169025
75079
77397
80993
1977
192262
144330
73245
7710
170539
145872
171226
96050
145361
166994
32969
72007
141785
78494
124492
41177
173116
10747
154671
158992
94214
149383
131440
5436
181280
93233
160885
59887
65703
66963
181516
126133
131437
65299
148385
86272
72534
76097
124256
168887
159610
25937
177046
168997
72906
164391
18714
60025
181135
158840
73882
19578
120395
156108
172563
15178
74236
173816
62923
147615
83973
99999
88719
59673
150171
54820
127367
97743
48161
54794
158133
57572
184098
120640
71561
165307
26917
197545
55287
140949
92206
43844
197340
109872
142549
61815
123041
66577
175882
156456
57438
91509
112667
46769
3317
167797
54922
199150
190138
173975
151662
113156
180932
51295
148591
190065
77004
161761
37684
67210
67594
70682
163104
11840
152709
54486
196101
95079
76915
33687
145718
81108
78081
141050
35831
147868
176644
47013
7018
80334
114490
179491
99923
185472
190274
106332
124725
19509
48075
29870
543
61346
49631
27677
134633
150243
31775
197581
118800
68274
47097
42562
172236
55227
55952
17516
154002
149041
67742
57656
97862
190884
57277
128349
198751
48936
133351
111519
177601
23819
114524
28615
33229
99957
185025
128009
6225
163598
67487
63569
7246
107277
173372
100038
136460
182052
142046
130497
181282
186558
184496
84165
73637
160940
11576
73177
84427
18525
173445
19297
103091
84057
179694
62378
145130
50028
146874
116758
42924
117158
199462
94858
7494
29349
33104
175792
129403
191499
117017
9631
43996
188498
159607
68038
161307
154860
177730
52537
16958
177655
1134
70657
58269
45647
165694
90096
96241
28436
16452
141020
142316
14802
40904
3191
104530
27598
42678
126928
178668
57306
173365
85004
193130
79902
45457
100015
105332
111584
100863
135392
4971
161668
59760
43479
34923
98502
18492
197039
175271
177465
158941
14004
60952
58700
153002
93665
151492
60291
79948
84138
18035
173771
78158
25757
72281
55653
122995
131030
73534
107771
73947
65592
191119
58934
94466
111513
88943
51739
41053
102076
53894
75543
190550
102969
53442
77563
67585
10265
44934
12845
49125
184
54403
21706
77242
64492
67858
14193
196201
49974
71788
102795
179610
54627
197373
18311
116651
102107
196252
6653
195404
151193
192025
45657
122140
23840
104425
28767
164715
149891
95071
88993
112951
126498
73744
68932
51589
89644
159397
81281
177188
84653
95686
126807
154650
107518
100071
86260
51184
56036
72294
173177
109320
183769
136235
2602
191220
119294
15446
50376
164406
51584
6344
110564
104090
109760
36036
113290
31961
133970
90711
130024
185701
121134
141772
74091
127357
59998
123357
40488
116760
171124
19343
55658
9323
122656
142727
50731
119797
164328
59709
183818
171095
65654
40653
1940
48432
99961
52221
162868
30946
49536
72524
186842
19334
100950
139537
102271
55332
157480
50298
153930
96615
190033
16354
117633
68580
147561
130998
20907
27075
70981
42039
20327
79131
128707
84557
169781
184329
45569
26053
121084
144718
88498
43964
8566
151916
79629
148314
14318
26320
172071
79977
111301
107490
126102
64285
56127
190391
70050
149718
107629
61482
191505
43693
54695
105990
192607
34227
39380
31952
124972
79829
5619
123983
105916
191529
31311
61532
183725
67925
45279
107086
45110
179670
180356
145630
85107
113996
54782
72215
94149
111216
36575
166854
55221
86535
191005
186033
138509
30743
137745
57193
107511
147781
165483
39687
94050
12796
128954
87474
40447
110071
155817
192676
132621
99418
145778
27114
118852
35656
164416
174886
4498
124171
161066
24555
196602
141291
70437
25722
119200
63913
135929
60198
153934
1565
33329
26358
94510
47636
118723
114091
36328
183231
94818
67748
81147
8778
173502
134466
18094
121143
121166
197380
64504
82547
8172
114918
64030
119301
46717
157361
174205
67949
51337
93825
116641
60751
50199
89329
197287
71910
77832
21877
115129
164003
63900
52499
99300
97866
137692
16413
163333
119249
151618
23944
15421
108814
143649
65347
44003
197982
43302
170951
180869
68062
93273
44478
134159
146453
41863
48651
134373
3615
94948
128036
128351
102265
98068
169550
76832
6466
43054
89727
160377
94170
67542
110918
148256
125652
84060
33210
99148
10290
61288
125490
29015
196780
140068
197720
83205
129493
189865
163250
55348
149908
149726
96107
175644
8387
124494
60426
31351
4832
2161
127839
105123
88315
176802
40644
4990
127622
133222
60333
74258
114073
85022
131172
163455
144690
53201
141664
17525
23800
19677
47575
124010
187654
193219
40018
106507
47554
188475
36370
78700
163281
17994
6544
162959
47748
142744
41113
46627
22429
164670
127137
141321
159384
168133
185976
183894
21949
117099
176714
141959
37494
134754
132499
11019
144265
150601
62381
44096
129956
21844
131817
124602
162430
133072
17696
124254
152444
97868
10331
93327
155401
26474
149943
191183
66659
42349
192361
165933
134049
66418
8276
127327
65588
70241
76841
56020
193877
181321
9008
59015
55985
125637
164212
73302
96959
92181
46886
94388
37283
89141
82964
128802
10140
51855
84412
160304
38260
193536
108377
151039
74839
140910
3801
2842
154533
57935
2723
176949
42710
155523
77133
104328
142149
28472
117496
16231
197110
3194
57373
157977
165357
95798
28193
151903
114015
68461
143140
77799
129694
193206
78659
6188
133798
95803
111181
39394
168780
141752
132698
81308
124077
189531
59652
51917
143740
192583
68149
26657
191737
101602
175860
62982
119180
71397
54170
2570
86167
9677
114966
151303
198930
43083
16437
159153
165895
165079
107948
94981
61802
173949
100368
75803
63617
139492
137563
55838
178259
171539
38446
140840
59577
45087
158144
99222
87822
188650
188416
32909
38377
48946
160213
49726
115427
36526
6215
96468
72440
6638
146191
153887
106118
70228
9104
35342
168391
165125
30968
170991
15655
113312
61135
9289
38125
189894
153596
69418
60948
193788
166323
24333
43655
12786
147258
115236
199843
24216
198769
186537
38912
108686
132451
176145
152309
198124
53875
57324
191930
36757
161505
189529
132096
105773
123490
30633
21003
89703
17082
162574
28309
5733
141855
36967
48917
172511
38808
146014
197645
182547
42736
173088
97842
89178
146452
64940
191686
178707
198138
71492
62300
41690
23995
112569
8320
66188
100557
66710
104501
187020
41992
56510
57320
156149
192821
196665
105320
178445
63318
30046
16510
137880
153921
126018
92386
103131
54244
146252
134785
92880
175988
13923
185727
70831
58406
31877
107143
14563
67791
191985
104953
162526
165612
130254
94544
198020
61462
199760
89022
17809
115597
6520
122259
97605
160928
9726
129367
4569
9596
16476
184019
191053
75761
156119
183004
20303
147667
87064
142660
130713
92622
142411
128042
50188
49209
196565
16554
49194
47278
45354
146471
199547
126668
22449
178476
68121
97531
124178
68048
38924
136572
61117
6586
83053
89275
140937
41176
183847
113715
15677
177632
157284
31742
72965
93333
95776
40107
132659
91967
49737
186428
186719
45320
36086
59811
146065
61803
10744
104049
36192
95137
168486
97244
199913
35228
133607
113213
88756
91947
127694
112982
70697
174459
117662
185100
172717
24377
149784
89096
16252
175168
71078
193959
33521
1186
174103
71105
90562
62504
110436
112595
2536
1400
82032
162780
123162
181616
189571
39994
195981
26360
191247
60834
2163
59348
199669
131504
193145
184399
4935
13974
1144
171068
119645
150540
188300
136743