38 0 12345677 37 5 26 18 11 39 38 9 18 20 45 31 34 48 27 30 1 2 18 37 29 32 35 34 17 20 43
49 20 22 23 8 1 48 3 18 45 18 7 27 3 21 10 15 13 48 5 16 40 48 24 37 45 45 28 23
31 50 16 15 49 17 19 37 11 21 19 36 19 35 9 12 42 6 44 39 1 11 8 11 24 36 50 47 14
50 18 22 8 40 0 25 5 28 7 18 21 20 10 40 11 1 30 28 18 3 19 23 3 43 15 35 14 21
24 47 1 49 26 12 30 24 46 22 11 48 41 3 47 39 3 2 5 32 2 29 49 46 27 24 12 35 3
19 19 24 17 40 31 6 10 21 4 20 37 47 4 12 50 45 9 35 46 2 24 26 35 47 9 5 27 20
23 37 37 33 41 24 19 18 43 17 1 31 37 34 44 4 20 3 27 12 48 43 31 31 12 43 40 31 27
0 16 19 43 6 1 19 10 42 47 33 31 12 40 20 20 7 34 1 31 3 8 2 46 32 21 29 24 17
22 14 12 34 12 39 34 28 13 30 48 24 4 44 42 20 3 27 22 31 21 43 33 6 32 29 14 8 47
44 49 21 28 22 1 33 18 16 8 24 31 21 43 44 0 32 20 43 27 36 10 23 35 5 49 14 48 2
24 13 26 11 25 18 1 6 20 29 27 9 12 2 42 26 47 35 24 33 28 18 9 28 32 32 27 30 2
37 30 8 13 9 18 19 47 48 20 4 41 6 22 28 24 29 19 2 1 15 47 34 46 33 38 15 5 23
12 15 12 11 28 25 19 17 17 7 37 3 43 35 16 13 3 47 49 35 38 43 42 26 42 22 6 30 26
8 12 35 14 38 15 7 13 41 11 42 19 6 20 28 49 33 45 38 47 36 9 3 22 9 4 41 8 5
10 44 22 30 22 22 23 13 41 0 29 29 20 21 1 10 28 20 4 17 42 28 29 34 9 42 35 20 42
18 11 3 3 5 31 32 13 3 40 29 32 6 37 0 34 25 25 18 2 35 44 26 24 1 43 47 31 34
20 0 44 34 31 25 32 44 6 12 22 4 4 26 19 35 26 36 45 24 4 6 13 18 46 36 29 19 20
5 1 49 44 48 16 19 11 39 36 4 6 6 28 44 37 50 48 36 7 7 21 37 50 18 16 3 28 46
50 4 7 22 46 21 22 30 39 44 0 20 45 40 42 19 43 46 42 34 15 7 2 17 26 47 11 15 5
18 32 37 24 20 19 2 5 10 29 22 19 32 32 18 11 19 24 1 38 26 1 24 15 48 42 48 36 24
28 32 4 6 8 30 42 41 20 5 41 31 7 25 6 25 40 16 10 27 2 7 30 45 28 19 17 24 6
34 44 12 12 34 44 42 19 29 35 15 40 10 8 36 11 9 8 22 18 16 21 32 31 40 8 11 42 16
49 43 2 26 19 24 0 4 16 43 13 41 37 23 31 13 37 2 10 50 44 31 37 14 46 46 9 47 9
39 24 34 13 27 35 45 42 21 38 3 48 12 34 38 19 46 46 15 27 19 18 19 50 18 41 26 39 3
10 8 30 22 7 45 9 48 6 13 28 23 32 15 11 19 42 30 41 1 11 23 3 47 31 37 24 35 9
24 11 20 7 8 14 33 29 27 39 21 34 31 34 42 34 24 19 10 45 19 9 48 50 10 9 50 15 20
13 11 9 12 28 16 38 38 31 45 1 36 23 41 24 34 50 42 37 40 40 5 45 34 19 39 31 44 46
50 33 15 7 42 27 7 43 11 20 41 23 38 37 8 37 14 36 20 20 24 28 18 5 49 44 7 16 0
46 40 7 47 25 27 4 2 1 18 39 42 26 24 46 20 9 9 11 9 13 47 12 50 47 45 20 13 20
26 46 41 3 45 22 22 25 24 24 15 47 46 34 4 30 50 35 7 13 47 8 23 5 49 8 49 35 10
42 6 40 48 1 6 41 24 36 34 17 4 34 34 24 8 4 35 45 42 12 39 1 8 27 36 6 44 18
27 30 23 33 8 46 10 41 2 35 11 47 25 38 46 5 6 35 31 42 46 7 6 8 41 14 48 48 37
25 32 22 7 23 33 44 2 29 41 42 35 16 47 14 25 33 33 26 14 46 22 38 10 31 7 30 35 11
35 28 26 29 33 20 11 20 46 11 37 4 49 46 42 34 35 44 0 3 35 30 0 41 10 22 1 32 6
23 8 8 37 50 42 17 21 38 32 48 21 44 23 18 27 4 43 3 4 19 48 44 13 42 40 30 42 48
36 35 48 47 32 25 25 15 15 34 39 15 41 45 37 10 17 39 30 23 14 6 43 34 16 44 12 23 12
22 4 3 14 5 8 1 5 45 10 44 28 45 23 39 47 2 40 6 19 1 1 39 48 36 18 22 24 11
8 16 47 46 1 5 27 1 43 2 46 4 3 8 8 29 14 50 0 32 37 38 29 26 5 32 29 40 0
45 38 42 36 36 1 15 21 25 37 14 48 49 19 32 20 44 17 14 29 42 45 49 38 16 24 8 37 20
49 43 44 5 42 33 16 28 27 48 1 7 7 50 14 12 28 22 46 43 8 25 37 30 19 36 20 5 35
11 36 8 19 26 44 41 45 15 29 14 44 46 32 31 23 36 43 40 12 23 11 9 27 1 48 26 44 39
15 14 29 49 10 1 41 38 39 38 38 17 8 37 31 3 15 48 3 35 41 37 3 13 31 41 25 15 49
44 45 12 16 36 5 6 18 42 28 39 20 25 34 10 23 24 25 14 4 2 13 19 20 43 37 13 2 48
18 3 7 7 2 15 22 40 26 9 38 16 2 38 13 9 10 39 29 46 2 32 8 12 44 50 44 24 41
47 40 42 26 12 38 39 17 13 10 19 43 17 45 4 23 23 44 38 5 32 33 7 22 17 20 37 20 36
23 16 30 9 33 41 5 45 25 28 5 30 48 45 18 35 45 49 9 41 36 41 35 38 31 31 11 19 23
48 28 49 8 16 12 47 26 37 11 16 32 9 7 50 1 31 44 13 20 38 8 28 23 24 11 39 2 1
44 43 3 1 17 21 36 15 23 6 35 31 9 43 35 46 6 7 34 28 25 35 37 39 39 30 33 19 34
9 34 24 33 5 5 26 10 6 7 45 1 32 5 49 4 46 9 4 47 7 9 46 42 38 41 14 38 0
35 17 35 2 3 27 34 48 14 3 24 4 45 37 37 12 3 22 45 14 18 17 8 7 34 19 17 48 26
48 32 21 0 22 18 15 46 46 32 44 40 49 14 10 13 39 2 2 31 47 3 38 40 18 3 25 47 25
45 44 34 7 41 19 40 29 32 0 44 9 18 2 30 45 20 33 2 35 44 47 19 26 9 9 39 21 27
22 43 22 27 49 32 49 16 18 33 11 29 36 48 23 29 13 15 33 45 38 41 43 2 5 42 6 9 38
29 40 18 6 3 19 19 26 4 39 23 12 24 43 4 4 21 29 15 3 20 31 8 15 49 17 2 28 33
8 19 19 18 12 29 3 9 48 29 16 5 4 21 34 46 45 34 23 45 49 30 9 2 31 8 5 20 44
8 1 17 44 17 48 42 20 6 37 26 31 48 32 44 48 19 44 25 24 26 40 7 32 47 45 25 1 10
9 9 9 13 30 38 28 1 36 49 49 8 42 34 15 38 47 39 39 47 44 28 2 34 26 25 11 49 9
46 45 41 28 41 44 22 37 31 42 13 18 1 36 50 14 4 23 13 12 49 39 9 45 13 10 47 25 0
47 32 27 26 28 45 48 27 18 4 30 36 22 33 22 26 7 35 14 21 29 14 31 25 35 27 48 8 36
14 48 24 6 14 9 49 30 30 40 16 43 3 9 40 20 3 43 13 42 35 11 37 28 10 43 47 7 38
50 4 9 4 2 13 26 40 5 26 40 1 10 22 4 20 49 15 27 15 18 29 22 5 48 42 21 46 39
34 49 17 13 4 43 31 36 40 20 41 48 13 2 24 36 11 16 24 24 48 36 10 44 2 27 28 28 6
26 25 40 34 11 34 38 37 50 6 29 4 37 13 33 32 6 43 2 44 48 48 14 1 38 21 36 31 18
37 26 26 33 25 32 49 43 20 27 12 7 11 17 13 48 3 26 42 27 37 41 0 23 35 41 22 23 27
36 48 46 25 21 33 28 20 8 5 45 41 39 48 38 42 22 2 20 29 9 7 43 46 0 35 26 32 47
22 20 18 25 16 38 48 13 34 27 27 8 44 29 39 2 30 30 20 5 14 27 45 46 28 28 8 45 19
28 1 46 31 37 50 23 10 32 31 33 38 30 7 5 15 44 12 18 7 1 29 25 6 31 31 33 6 20
39 4 46 20 50 31 31 2 43 46 22 27 24 44 16 49 27 42 49 38 44 12 23 20 49 43 34 12 24
7 2 16 42 8 33 45 41 0 14 45 45 25 37 1 25 39 28 21 45 42 47 46 28 40 28 43 15 47
30 48 6 10 8 3 26 7 29 5 20 42 0 8 12 23 6 22 29 36 4 32 45 9 7 16 10 4 34
32 37 23 17 25 44 17 14 42 46 20 12 22 39 3 32 40 16 34 7 42 36 29 23 5 27 32 33 37
46 23 47 29 27 44 19 36 5 38 2 28 33 36 16 47 11 46 48 28 4 27 33 38 23 22 9 45 49
17 47 7 4 5 23 42 24 35 42 35 30 24 34 4 42 10 30 25 11 2 46 13 37 46 0 38 19 4
23 2 18 23 49 27 7 28 25 32 20 28 9 19 25 29 20 38 20 14 43 21 45 41 33 10 25 4 20
22 23 31 21 19 8 14 22 41 8 5 27 39 0 44 17 38 38 31 16 19 33 35 5 38 43 33 44 12
28 40 50 26 47 5 27 3 47 46 49 42 47 24 37 25 32 41 27 5 45 23 25 35 36 32 24 2 9
8 44 12 31 35 5 4 45 47 24 30 48 49 18 32 48 27 45 8 9 23 31 38 41 29 36 33 17 14
37 8 10 50 22 38 44 22 5 19 45 46 34 7 8 10 27 5 42 8 2 16 21 17 41 23 11 10 16
42 18 24 29 25 3 40 26 22 19 7 49 35 35 35 48 9 4 44 45 41 12 38 32 11 38 25 10 28
9 26 23 3 4 49 11 21 0 24 12 33 49 46 20 13 17 5 34 36 32 22 5 48 14 31 7 22 47
43 4 10 8 16 41 21 30 35 18 3 39 28 28 15 13 9 45 29 46 42 23 2 25 36 26 43 11 24
31 26 20 32 10 18 29 33 4 23 40 33 41 36 24 10 17 47 5 37 2 27 32 12 49 34 22 22 35
4 44 18 36 3 44 17 30 12 15 14 46 3 41 11 36 36 19 47 32 2 4 27 23 4 43 7 20 35
34 27 8 37 25 38 12 1 37 15 42 46 0 34 36 6 28 37 45 18 30 41 40 41 1 11 39 45 5
41 41 29 10 26 4 50 3 16 15 37 14 21 16 5 7 8 9 39 12 19 16 26 0 30 21 33 31 29
39 1 20 14 18 5 48 20 24 2 28 34 16 23 14 5 10 8 4 35 41 1 1 31 47 34 25 19 26
36 35 12 15 4 1 14 42 8 32 8 25 6 16 3 44 1 35 28 2 7 13 47 42 24 24 40 20 37
26 13 0 22 46 19 35 21 7 11 39 13 22 45 9 25 26 1 5 16 16 2 2 5 45 24 28 48 27
9 10 35 7 24 45 46 4 5 32 5 33 1 34 6 35 32 45 28 11 46 7 30 8 4 47 4 7 42
4 1 48 3 38 15 35 42 24 14 38 8 26 10 3 24 50 48 46 42 6 50 40 36 30 11 22 22 44
47 24 5 1 5 12 33 42 28 42 41 27 42 33 31 7 31 23 22 49 1 7 10 4 15 11 43 36 27
26 36 26 1 35 16 44 14 6 40 6 6 49 10 34 43 45 0 7 50 20 31 24 17 44 34 39 45 42
4 39 36 3 40 18 28 43 28 31 40 5 38 35 45 5 20 12 32 17 35 38 44 5 43 16 8 35 6
7 37 38 8 27 10 28 39 5 40 15 41 5 39 8 45 16 29 47 4 12 15 33 12 5 28 1 5 47
19 40 23 35 11 37 45 23 11 21 0 40 16 8 11 6 31 1 28 13 24 25 32 29 10 40 8 42 49
36 43 37 47 23 29 27 42 11 9 1 18 40 42 23 2 14 20 10 29 31 40 30 11 9 38 18 16 32
46 32 18 34 16 24 19 34 45 43 7 35 25 17 30 38 46 15 41 44 2 4 23 36 24 28 13 46 41
46 19 28 20 3 49 47 16 25 8 17 45 31 7 47 45 44 47 29 47 27 15 37 16 42 47 0 34 4
45 1 41 46 18 40 4 49 12 32 33 34 14 20 48 46 29 9 6 27 5 29 29 11 13 7 18 5 7
26 45 2 23 27 6 20 43 28 0 38 39 20 22 4 2 49 40 27 27 40 45 28 15 45 12 4 36 21
49 11 10 32 14 30 32 36 18 33 37 29 27 40 40 37 12 39 12 27 46 41 7 43 14 34 8 41 23
14 28 22 17 34 13 36 38 15 11 9 4 35 11 9 8 27 11 41 29 25 5 17 26 44 9 34 26 26
39 4 22 9 20 22 6 11 11 5 29 8 31 44 4 14 0 46 33 1 2 27 38 15 48 37 6 5 14
19 2 1 22 12 27 41 44 24 10 19 31 16 3 14 29 18 36 46 15 47 14 32 0 44 9 16 24 38
28 6 27 44 4 28 25 12 26 19 1 50 44 9 49 16 40 47 36 39 44 6 15 31 32 15 28 27 42
43 42 43 49 7 20 42 3 48 40 36 31 6 26 39 37 19 3 45 37 10 10 33 43 14 38 11 35 47
6 19 5 43 4 44 34 41 47 37 2 43 23 21 15 44 41 31 20 25 37 45 40 20 32 30 41 17 46
47 43 7 11 1 22 6 27 29 34 4 29 42 39 41 48 37 40 39 11 14 2 2 36 42 30 31 15 30
22 40 1 36 10 25 30 0 49 36 32 38 41 39 44 19 4 38 8 1 39 31 48 49 49 29 41 28 41
4 8 31 37 47 48 3 6 22 1 1 34 19 11 32 36 44 42 1 37 18 26 12 42 19 48 36 34 22
30 27 19 16 47 36 27 22 26 10 14 16 24 5 40 47 37 37 27 33 15 9 38 43 11 39 10 5 7
49 7 12 21 34 11 12 35 4 7 18 31 44 34 25 19 33 7 30 1 16 8 37 26 19 35 48 13 29
8 22 50 12 12 30 22 48 21 44 41 36 20 35 39 29 47 33 29 40 39 8 14 20 46 22 17 1 36
37 20 18 48 36 44 46 12 2 24 20 15 25 39 11 50 16 43 14 18 34 11 37 5 19 28 30 28 44
1 28 30 21 50 13 30 5 29 31 41 35 9 27 33 10 33 0 48 33 36 6 5 46 1 46 1 7 19
10 27 42 48 31 18 29 3 43 45 16 7 17 26 31 0 13 14 42 34 19 4 26 33 36 13 47 46 48
38 10 13 11 22 13 42 17 32 11 43 7 15 5 17 29 37 40 0 34 26 13 40 4 47 37 28 43 34
17 37 33 47 34 42 2 27 36 35 7 35 14 5 42 2 25 9 6 20 3 0 40 37 47 31 36 9 14
38 18 41 2 21 28 42 13 19 42 9 29 28 7 17 36 49 24 41 30 13 24 48 3 15 28 44 37 28
46 37 36 32 41 3 14 22 47 10 37 38 7 3 6 23 45 38 5 36 31 41 20 9 49 17 38 33 1
7 13 24 46 46 18 20 27 18 29 25 41 46 28 44 19 2 46 34 36 49 8 12 20 35 43 14 16 31
39 15 41 32 42 23 48 15 21 10 13 3 49 34 44 8 36 7 2 17 26 12 28 39 42 3 46 9 44
5 31 30 15 45 3 11 9 8 43 2 38 41 6 50 47 12 26 16 10 30 3 11 20 4 23 30 46 8
39 48 3 9 10 14 41 33 4 32 38 31 47 36 4 5 49 47 32 7 15 7 40 37 42 17 40 18 7
49 38 21 42 6 38 16 39 20 36 15 45 41 46 34 46 6 32 44 1 22 35 10 18 43 43 15 44 29
2 2 50 26 24 41 16 2 46 22 18 44 43 18 15 6 20 49 23 31 17 44 13 32 28 0 20 8 45
42 18 2 29 24 14 18 17 18 14 38 8 27 45 32 10 33 19 47 7 47 32 44 29 2 33 48 20 50
14 18 36 46 6 44 4 28 37 30 30 16 49 15 14 25 36 42 25 40 38 45 7 22 34 27 37 45 3
43 23 34 42 17 5 46 40 17 23 22 5 44 7 22 44 38 12 30 10 30 11 6 16 47 22 7 22 30
27 6 11 29 37 45 13 0 5 4 42 2 44 9 40 25 29 14 49 38 43 14 1 4 26 44 11 39 10
16 6 25 47 4 49 41 11 5 36 48 5 38 9 26 24 43 5 8 35 10 22 14 35 14 4 42 4 2
40 8 15 49 35 10 18 6 19 0 29 35 9 9 47 0 25 50 36 46 37 34 10 39 30 17 28 45 31
34 5 23 16 27 49 14 14 42 24 27 34 7 26 6 34 44 9 20 20 14 32 38 39 6 12 6 33 34
49 48 12 32 43 31 1 40 12 6 25 50 40 16 37 46 25 45 14 2 15 38 34 45 14 17 23 21 1
16 47 48 13 31 3 41 49 18 6 28 7 35 41 8 47 9 47 30 17 16 31 42 21 39 22 17 5 24
5 49 24 42 5 37 20 10 27 17 24 42 49 7 15 12 13 39 8 8 40 32 25 38 37 43 29 29 30
100